id,external_id,merchant_id,amount,transaction_time,bank_reference,description,type,metadata_json
btxn_demo_0000,btxn_demo_0000,merch_001,32007.4,2026-01-03T01:17:00,pay_demo_0000,Settlement setl_demo_0000,CREDIT,{}
btxn_demo_0001,btxn_demo_0001,merch_001,5214.51,2026-01-25T19:05:00,pay_demo_0001,Settlement setl_demo_0001,CREDIT,{}
btxn_demo_0004,btxn_demo_0004,merch_001,17078.5,2026-01-06T08:48:00,pay_demo_0004,Settlement setl_demo_0004,CREDIT,{}
btxn_demo_0006,btxn_demo_0006,merch_001,26857.78,2026-01-31T14:05:00,pay_demo_0006,Settlement setl_demo_0006,CREDIT,{}
btxn_demo_0008,btxn_demo_0008,merch_001,38676.11,2026-01-04T09:55:00,pay_demo_0008,Settlement setl_demo_0008,CREDIT,{}
btxn_demo_0011,btxn_demo_0011,merch_001,8253.78,2026-01-14T10:59:00,pay_demo_0011,Settlement setl_demo_0011,CREDIT,{}
btxn_demo_0012,btxn_demo_0012,merch_001,38438.85,2026-01-03T09:52:00,pay_demo_0012,Settlement setl_demo_0012,CREDIT,{}
btxn_demo_0014,btxn_demo_0014,merch_001,19842.03,2026-01-31T22:29:00,pay_demo_0014,Settlement setl_demo_0014,CREDIT,{}
btxn_demo_0015,btxn_demo_0015,merch_001,37274.95,2026-01-19T10:47:00,pay_demo_0015,Settlement setl_demo_0015,CREDIT,{}
btxn_demo_0016,btxn_demo_0016,merch_001,11044.11,2026-01-06T18:31:00,wrong_pay_demo_0016,Settlement setl_demo_0016,CREDIT,{}
btxn_demo_0017,btxn_demo_0017,merch_001,7726.78,2026-01-07T23:27:00,pay_demo_0017,Settlement setl_demo_0017,CREDIT,{}
btxn_demo_0019,btxn_demo_0019,merch_001,34117.35,2026-01-19T10:49:00,pay_demo_0019,Settlement setl_demo_0019,CREDIT,{}
btxn_demo_0020,btxn_demo_0020,merch_001,7992.07,2026-01-03T01:56:00,pay_demo_0020,Settlement setl_demo_0020,CREDIT,{}
btxn_demo_0021,btxn_demo_0021,merch_001,25433.32,2026-01-05T22:19:00,pay_demo_0021,Settlement setl_demo_0021,CREDIT,{}
btxn_demo_0022,btxn_demo_0022,merch_001,18758.3,2026-01-07T19:49:00,pay_demo_0022,Settlement setl_demo_0022,CREDIT,{}
btxn_demo_0023,btxn_demo_0023,merch_001,24481.42,2026-01-05T13:56:00,pay_demo_0023,Settlement setl_demo_0023,CREDIT,{}
btxn_demo_0024,btxn_demo_0024,merch_001,43912.68,2026-02-01T04:05:00,pay_demo_0024,Settlement setl_demo_0024,CREDIT,{}
btxn_demo_0024_ambig,btxn_demo_0024_ambig,merch_001,43912.68,2026-02-01T04:05:00,pay_demo_0024,Settlement setl_demo_0024,CREDIT,{}
btxn_demo_0025,btxn_demo_0025,merch_001,26682.04,2026-01-06T06:42:00,pay_demo_0025,Settlement setl_demo_0025,CREDIT,{}
btxn_demo_0027,btxn_demo_0027,merch_001,20009.72,2026-01-23T22:23:00,pay_demo_0027,Settlement setl_demo_0027,CREDIT,{}
btxn_demo_0028,btxn_demo_0028,merch_001,12470.49,2026-01-04T12:01:00,pay_demo_0028,Settlement setl_demo_0028,CREDIT,{}
btxn_demo_0029,btxn_demo_0029,merch_001,3642.55,2026-01-22T03:14:00,wrong_pay_demo_0029,Settlement setl_demo_0029,CREDIT,{}
btxn_demo_0030,btxn_demo_0030,merch_001,3635.78,2026-01-09T10:42:00,pay_demo_0030,Settlement setl_demo_0030,CREDIT,{}
btxn_demo_0031,btxn_demo_0031,merch_001,36195.29,2026-01-30T20:36:00,pay_demo_0031,Settlement setl_demo_0031,CREDIT,{}
btxn_demo_0032,btxn_demo_0032,merch_001,40394.1,2026-01-08T05:06:00,pay_demo_0032,Settlement setl_demo_0032,CREDIT,{}
btxn_demo_0033,btxn_demo_0033,merch_001,23404.53,2026-01-25T03:43:00,pay_demo_0033,Settlement setl_demo_0033,CREDIT,{}
btxn_demo_0034,btxn_demo_0034,merch_001,17031.2,2026-01-29T05:15:00,pay_demo_0034,Settlement setl_demo_0034,CREDIT,{}
btxn_demo_0035,btxn_demo_0035,merch_001,7095.1,2026-01-07T10:29:00,pay_demo_0035,Settlement setl_demo_0035,CREDIT,{}
btxn_demo_0036,btxn_demo_0036,merch_001,43081.32,2026-01-19T05:03:00,pay_demo_0036,Settlement setl_demo_0036,CREDIT,{}
btxn_demo_0036_ambig,btxn_demo_0036_ambig,merch_001,43081.32,2026-01-19T05:03:00,pay_demo_0036,Settlement setl_demo_0036,CREDIT,{}
btxn_demo_0037,btxn_demo_0037,merch_001,46325.71,2026-01-29T09:10:00,pay_demo_0037,Settlement setl_demo_0037,CREDIT,{}
btxn_demo_0038,btxn_demo_0038,merch_001,43246.05,2026-01-30T03:10:00,pay_demo_0038,Settlement setl_demo_0038,CREDIT,{}
btxn_demo_0038_ambig,btxn_demo_0038_ambig,merch_001,43246.05,2026-01-30T03:10:00,pay_demo_0038,Settlement setl_demo_0038,CREDIT,{}
btxn_demo_0040,btxn_demo_0040,merch_001,24384.9,2026-01-08T11:13:00,pay_demo_0040,Settlement setl_demo_0040,CREDIT,{}
btxn_demo_0042,btxn_demo_0042,merch_001,26603.19,2026-01-03T18:05:00,pay_demo_0042,Settlement setl_demo_0042,CREDIT,{}
btxn_demo_0043,btxn_demo_0043,merch_001,33793.11,2026-01-09T14:07:00,pay_demo_0043,Settlement setl_demo_0043,CREDIT,{}
btxn_demo_0045,btxn_demo_0045,merch_001,10292.53,2026-01-24T12:15:00,pay_demo_0045,Settlement setl_demo_0045,CREDIT,{}
btxn_demo_0046,btxn_demo_0046,merch_001,32310.49,2026-01-16T12:59:00,pay_demo_0046,Settlement setl_demo_0046,CREDIT,{}
btxn_demo_0047,btxn_demo_0047,merch_001,49922.88,2026-01-05T04:34:00,pay_demo_0047,Settlement setl_demo_0047,CREDIT,{}
btxn_demo_0048,btxn_demo_0048,merch_001,46669.64,2026-01-30T04:56:00,pay_demo_0048,Settlement setl_demo_0048,CREDIT,{}
btxn_demo_0050,btxn_demo_0050,merch_001,27774.65,2026-01-31T23:06:00,pay_demo_0050,Settlement setl_demo_0050,CREDIT,{}
btxn_demo_0051,btxn_demo_0051,merch_001,5441.1,2026-01-19T06:17:00,pay_demo_0051,Settlement setl_demo_0051,CREDIT,{}
btxn_demo_0052,btxn_demo_0052,merch_001,17209.73,2026-01-23T22:54:00,pay_demo_0052,Settlement setl_demo_0052,CREDIT,{}
btxn_demo_0053,btxn_demo_0053,merch_001,45276.29,2026-01-29T03:05:00,pay_demo_0053,Settlement setl_demo_0053,CREDIT,{}
btxn_demo_0054,btxn_demo_0054,merch_001,16744.47,2026-01-06T22:16:00,pay_demo_0054,Settlement setl_demo_0054,CREDIT,{}
btxn_demo_0055,btxn_demo_0055,merch_001,21441.58,2026-01-02T05:04:00,pay_demo_0055,Settlement setl_demo_0055,CREDIT,{}
btxn_demo_0056,btxn_demo_0056,merch_001,18523.88,2026-01-19T06:27:00,pay_demo_0056,Settlement setl_demo_0056,CREDIT,{}
btxn_demo_0058,btxn_demo_0058,merch_001,33379.98,2026-01-13T19:56:00,pay_demo_0058,Settlement setl_demo_0058,CREDIT,{}
btxn_demo_0059,btxn_demo_0059,merch_001,46295.61,2026-01-09T07:51:00,pay_demo_0059,Settlement setl_demo_0059,CREDIT,{}
btxn_demo_0060,btxn_demo_0060,merch_001,36854.57,2026-01-12T15:51:00,pay_demo_0060,Settlement setl_demo_0060,CREDIT,{}
btxn_demo_0061,btxn_demo_0061,merch_001,35093.78,2026-01-14T03:54:00,pay_demo_0061,Settlement setl_demo_0061,CREDIT,{}
btxn_demo_0062,btxn_demo_0062,merch_001,45930.75,2026-01-13T11:52:00,pay_demo_0062,Settlement setl_demo_0062,CREDIT,{}
btxn_demo_0063,btxn_demo_0063,merch_001,9737.18,2026-01-12T10:55:00,pay_demo_0063,Settlement setl_demo_0063,CREDIT,{}
btxn_demo_0064,btxn_demo_0064,merch_001,25519.34,2026-01-23T19:21:00,wrong_pay_demo_0064,Settlement setl_demo_0064,CREDIT,{}
btxn_demo_0065,btxn_demo_0065,merch_001,13134.64,2026-01-20T10:02:00,pay_demo_0065,Settlement setl_demo_0065,CREDIT,{}
btxn_demo_0066,btxn_demo_0066,merch_001,36454.4,2026-01-12T15:38:00,pay_demo_0066,Settlement setl_demo_0066,CREDIT,{}
btxn_demo_0067,btxn_demo_0067,merch_001,28871.74,2026-01-10T03:45:00,pay_demo_0067,Settlement setl_demo_0067,CREDIT,{}
btxn_demo_0068,btxn_demo_0068,merch_001,40344.89,2026-01-24T01:47:00,pay_demo_0068,Settlement setl_demo_0068,CREDIT,{}
btxn_demo_0069,btxn_demo_0069,merch_001,47448.84,2026-01-31T12:39:00,wrong_pay_demo_0069,Settlement setl_demo_0069,CREDIT,{}
btxn_demo_0070,btxn_demo_0070,merch_001,36015.74,2026-01-11T18:19:00,pay_demo_0070,Settlement setl_demo_0070,CREDIT,{}
btxn_demo_0071,btxn_demo_0071,merch_001,14853.19,2026-01-06T08:26:00,pay_demo_0071,Settlement setl_demo_0071,CREDIT,{}
btxn_demo_0072,btxn_demo_0072,merch_001,8783.96,2026-01-20T11:25:00,pay_demo_0072,Settlement setl_demo_0072,CREDIT,{}
btxn_demo_0073,btxn_demo_0073,merch_001,10588.12,2026-01-27T20:38:00,pay_demo_0073,Settlement setl_demo_0073,CREDIT,{}
btxn_demo_0074,btxn_demo_0074,merch_001,33813.8,2026-01-18T17:50:00,pay_demo_0074,Settlement setl_demo_0074,CREDIT,{}
btxn_demo_0076,btxn_demo_0076,merch_001,11309.57,2026-01-08T06:01:00,pay_demo_0076,Settlement setl_demo_0076,CREDIT,{}
btxn_demo_0076_ambig,btxn_demo_0076_ambig,merch_001,11309.57,2026-01-08T06:01:00,pay_demo_0076,Settlement setl_demo_0076,CREDIT,{}
btxn_demo_0077,btxn_demo_0077,merch_001,30602.57,2026-01-26T04:29:00,pay_demo_0077,Settlement setl_demo_0077,CREDIT,{}
btxn_demo_0079,btxn_demo_0079,merch_001,376.69,2026-01-26T05:49:00,pay_demo_0079,Settlement setl_demo_0079,CREDIT,{}
btxn_demo_0080,btxn_demo_0080,merch_001,47902.51,2026-01-18T16:03:00,pay_demo_0080,Settlement setl_demo_0080,CREDIT,{}
btxn_demo_0081,btxn_demo_0081,merch_001,40090.69,2026-01-23T18:35:00,pay_demo_0081,Settlement setl_demo_0081,CREDIT,{}
btxn_demo_0082,btxn_demo_0082,merch_001,35991.77,2026-01-18T15:53:00,pay_demo_0082,Settlement setl_demo_0082,CREDIT,{}
btxn_demo_0083,btxn_demo_0083,merch_001,37208.41,2026-01-17T16:16:00,pay_demo_0083,Settlement setl_demo_0083,CREDIT,{}
btxn_demo_0084,btxn_demo_0084,merch_001,38905.97,2026-01-17T22:15:00,pay_demo_0084,Settlement setl_demo_0084,CREDIT,{}
btxn_demo_0085,btxn_demo_0085,merch_001,14357.83,2026-01-10T12:20:00,pay_demo_0085,Settlement setl_demo_0085,CREDIT,{}
btxn_demo_0086,btxn_demo_0086,merch_001,11639.95,2026-01-24T06:45:00,pay_demo_0086,Settlement setl_demo_0086,CREDIT,{}
btxn_demo_0087,btxn_demo_0087,merch_001,16610.98,2026-01-16T15:03:00,pay_demo_0087,Settlement setl_demo_0087,CREDIT,{}
btxn_demo_0088,btxn_demo_0088,merch_001,38512.81,2026-02-02T00:01:00,pay_demo_0088,Settlement setl_demo_0088,CREDIT,{}
btxn_demo_0089,btxn_demo_0089,merch_001,17652.76,2026-01-26T14:54:00,pay_demo_0089,Settlement setl_demo_0089,CREDIT,{}
btxn_demo_0090,btxn_demo_0090,merch_001,27352.0,2026-01-21T09:31:00,pay_demo_0090,Settlement setl_demo_0090,CREDIT,{}
btxn_demo_0091,btxn_demo_0091,merch_001,1548.34,2026-01-12T23:43:00,wrong_pay_demo_0091,Settlement setl_demo_0091,CREDIT,{}
btxn_demo_0092,btxn_demo_0092,merch_001,45985.13,2026-01-21T19:01:00,pay_demo_0092,Settlement setl_demo_0092,CREDIT,{}
btxn_demo_0093,btxn_demo_0093,merch_001,1452.39,2026-01-22T15:08:00,pay_demo_0093,Settlement setl_demo_0093,CREDIT,{}
btxn_demo_0094,btxn_demo_0094,merch_001,19017.28,2026-01-08T16:20:00,pay_demo_0094,Settlement setl_demo_0094,CREDIT,{}
btxn_demo_0095,btxn_demo_0095,merch_001,47565.09,2026-01-15T10:53:00,pay_demo_0095,Settlement setl_demo_0095,CREDIT,{}
btxn_demo_0096,btxn_demo_0096,merch_001,27017.01,2026-02-01T13:14:00,pay_demo_0096,Settlement setl_demo_0096,CREDIT,{}
btxn_demo_0097,btxn_demo_0097,merch_001,1648.4,2026-01-09T08:53:00,pay_demo_0097,Settlement setl_demo_0097,CREDIT,{}
btxn_demo_0099,btxn_demo_0099,merch_001,38368.22,2026-01-07T21:38:00,pay_demo_0099,Settlement setl_demo_0099,CREDIT,{}
btxn_demo_0099_ambig,btxn_demo_0099_ambig,merch_001,38368.22,2026-01-07T21:38:00,pay_demo_0099,Settlement setl_demo_0099,CREDIT,{}
btxn_demo_0102,btxn_demo_0102,merch_001,15148.98,2026-01-23T21:51:00,pay_demo_0102,Settlement setl_demo_0102,CREDIT,{}
btxn_demo_0103,btxn_demo_0103,merch_001,17425.47,2026-01-15T23:23:00,pay_demo_0103,Settlement setl_demo_0103,CREDIT,{}
btxn_demo_0104,btxn_demo_0104,merch_001,731.34,2026-01-15T17:06:00,pay_demo_0104,Settlement setl_demo_0104,CREDIT,{}
btxn_demo_0105,btxn_demo_0105,merch_001,41452.49,2026-01-24T06:27:00,pay_demo_0105,Settlement setl_demo_0105,CREDIT,{}
btxn_demo_0105_ambig,btxn_demo_0105_ambig,merch_001,41452.49,2026-01-24T06:27:00,pay_demo_0105,Settlement setl_demo_0105,CREDIT,{}
btxn_demo_0106,btxn_demo_0106,merch_001,13577.11,2026-01-27T19:49:00,pay_demo_0106,Settlement setl_demo_0106,CREDIT,{}
btxn_demo_0107,btxn_demo_0107,merch_001,36578.21,2026-01-10T12:54:00,pay_demo_0107,Settlement setl_demo_0107,CREDIT,{}
btxn_demo_0108,btxn_demo_0108,merch_001,22595.02,2026-01-26T16:36:00,pay_demo_0108,Settlement setl_demo_0108,CREDIT,{}
btxn_demo_0109,btxn_demo_0109,merch_001,42562.55,2026-01-07T17:13:00,pay_demo_0109,Settlement setl_demo_0109,CREDIT,{}
btxn_demo_0111,btxn_demo_0111,merch_001,4372.09,2026-01-25T15:31:00,pay_demo_0111,Settlement setl_demo_0111,CREDIT,{}
btxn_demo_0112,btxn_demo_0112,merch_001,24591.98,2026-01-27T02:05:00,pay_demo_0112,Settlement setl_demo_0112,CREDIT,{}
btxn_demo_0113,btxn_demo_0113,merch_001,12240.93,2026-01-23T20:23:00,pay_demo_0113,Settlement setl_demo_0113,CREDIT,{}
btxn_demo_0114,btxn_demo_0114,merch_001,21332.64,2026-01-25T19:21:00,pay_demo_0114,Settlement setl_demo_0114,CREDIT,{}
btxn_demo_0115,btxn_demo_0115,merch_001,12645.04,2026-01-06T01:12:00,pay_demo_0115,Settlement setl_demo_0115,CREDIT,{}
btxn_demo_0116,btxn_demo_0116,merch_001,47548.79,2026-01-24T07:12:00,pay_demo_0116,Settlement setl_demo_0116,CREDIT,{}
btxn_demo_0117,btxn_demo_0117,merch_001,28929.98,2026-01-26T18:38:00,pay_demo_0117,Settlement setl_demo_0117,CREDIT,{}
btxn_demo_0118,btxn_demo_0118,merch_001,14882.7,2026-01-13T07:19:00,pay_demo_0118,Settlement setl_demo_0118,CREDIT,{}
btxn_demo_0119,btxn_demo_0119,merch_001,2371.23,2026-01-03T19:18:00,wrong_pay_demo_0119,Settlement setl_demo_0119,CREDIT,{}
btxn_demo_0120,btxn_demo_0120,merch_001,24594.85,2026-01-29T02:36:00,pay_demo_0120,Settlement setl_demo_0120,CREDIT,{}
btxn_demo_0121,btxn_demo_0121,merch_001,16759.21,2026-02-01T03:16:00,pay_demo_0121,Settlement setl_demo_0121,CREDIT,{}
btxn_demo_0122,btxn_demo_0122,merch_001,20095.3,2026-01-04T20:40:00,pay_demo_0122,Settlement setl_demo_0122,CREDIT,{}
btxn_demo_0123,btxn_demo_0123,merch_001,28185.7,2026-01-11T04:15:00,pay_demo_0123,Settlement setl_demo_0123,CREDIT,{}
btxn_demo_0124,btxn_demo_0124,merch_001,30355.25,2026-01-27T21:14:00,pay_demo_0124,Settlement setl_demo_0124,CREDIT,{}
btxn_demo_0125,btxn_demo_0125,merch_001,22191.78,2026-01-29T20:27:00,pay_demo_0125,Settlement setl_demo_0125,CREDIT,{}
btxn_demo_0126,btxn_demo_0126,merch_001,30520.58,2026-01-25T05:48:00,pay_demo_0126,Settlement setl_demo_0126,CREDIT,{}
btxn_demo_0127,btxn_demo_0127,merch_001,33055.36,2026-01-07T09:11:00,pay_demo_0127,Settlement setl_demo_0127,CREDIT,{}
btxn_demo_0128,btxn_demo_0128,merch_001,22580.13,2026-01-21T17:18:00,pay_demo_0128,Settlement setl_demo_0128,CREDIT,{}
btxn_demo_0129,btxn_demo_0129,merch_001,14207.65,2026-01-29T16:04:00,pay_demo_0129,Settlement setl_demo_0129,CREDIT,{}
btxn_demo_0130,btxn_demo_0130,merch_001,31290.39,2026-01-23T08:27:00,pay_demo_0130,Settlement setl_demo_0130,CREDIT,{}
btxn_demo_0131,btxn_demo_0131,merch_001,7383.88,2026-01-10T06:04:00,pay_demo_0131,Settlement setl_demo_0131,CREDIT,{}
btxn_demo_0132,btxn_demo_0132,merch_001,29792.7,2026-01-28T20:58:00,pay_demo_0132,Settlement setl_demo_0132,CREDIT,{}
btxn_demo_0133,btxn_demo_0133,merch_001,34465.03,2026-01-24T14:17:00,pay_demo_0133,Settlement setl_demo_0133,CREDIT,{}
btxn_demo_0134,btxn_demo_0134,merch_001,4114.05,2026-01-03T15:47:00,pay_demo_0134,Settlement setl_demo_0134,CREDIT,{}
btxn_demo_0135,btxn_demo_0135,merch_001,4564.07,2026-02-01T23:53:00,pay_demo_0135,Settlement setl_demo_0135,CREDIT,{}
btxn_demo_0136,btxn_demo_0136,merch_001,28854.72,2026-01-26T07:30:00,pay_demo_0136,Settlement setl_demo_0136,CREDIT,{}
btxn_demo_0137,btxn_demo_0137,merch_001,13980.01,2026-01-20T15:40:00,pay_demo_0137,Settlement setl_demo_0137,CREDIT,{}
btxn_demo_0138,btxn_demo_0138,merch_001,20476.57,2026-01-12T23:06:00,pay_demo_0138,Settlement setl_demo_0138,CREDIT,{}
btxn_demo_0139,btxn_demo_0139,merch_001,24823.9,2026-01-23T14:52:00,pay_demo_0139,Settlement setl_demo_0139,CREDIT,{}
btxn_demo_0141,btxn_demo_0141,merch_001,27175.42,2026-01-15T03:12:00,pay_demo_0141,Settlement setl_demo_0141,CREDIT,{}
btxn_demo_0142,btxn_demo_0142,merch_001,24974.81,2026-01-16T03:13:00,pay_demo_0142,Settlement setl_demo_0142,CREDIT,{}
btxn_demo_0143,btxn_demo_0143,merch_001,14472.65,2026-01-31T00:31:00,pay_demo_0143,Settlement setl_demo_0143,CREDIT,{}
btxn_demo_0143_ambig,btxn_demo_0143_ambig,merch_001,14472.65,2026-01-31T00:31:00,pay_demo_0143,Settlement setl_demo_0143,CREDIT,{}
btxn_demo_0144,btxn_demo_0144,merch_001,30482.7,2026-01-10T00:10:00,pay_demo_0144,Settlement setl_demo_0144,CREDIT,{}
btxn_demo_0145,btxn_demo_0145,merch_001,20049.57,2026-01-09T05:29:00,pay_demo_0145,Settlement setl_demo_0145,CREDIT,{}
btxn_demo_0146,btxn_demo_0146,merch_001,24469.56,2026-01-24T11:32:00,pay_demo_0146,Settlement setl_demo_0146,CREDIT,{}
btxn_demo_0147,btxn_demo_0147,merch_001,49014.21,2026-01-09T16:35:00,pay_demo_0147,Settlement setl_demo_0147,CREDIT,{}
btxn_demo_0148,btxn_demo_0148,merch_001,30008.94,2026-01-25T06:55:00,pay_demo_0148,Settlement setl_demo_0148,CREDIT,{}
btxn_demo_0150,btxn_demo_0150,merch_001,41890.05,2026-01-20T23:31:00,pay_demo_0150,Settlement setl_demo_0150,CREDIT,{}
btxn_demo_0151,btxn_demo_0151,merch_001,17321.68,2026-01-19T19:24:00,wrong_pay_demo_0151,Settlement setl_demo_0151,CREDIT,{}
btxn_demo_0152,btxn_demo_0152,merch_001,49040.65,2026-01-09T20:24:00,pay_demo_0152,Settlement setl_demo_0152,CREDIT,{}
btxn_demo_0153,btxn_demo_0153,merch_001,37260.79,2026-01-24T14:24:00,pay_demo_0153,Settlement setl_demo_0153,CREDIT,{}
btxn_demo_0153_ambig,btxn_demo_0153_ambig,merch_001,37260.79,2026-01-24T14:24:00,pay_demo_0153,Settlement setl_demo_0153,CREDIT,{}
btxn_demo_0154,btxn_demo_0154,merch_001,6399.69,2026-02-01T20:21:00,pay_demo_0154,Settlement setl_demo_0154,CREDIT,{}
btxn_demo_0155,btxn_demo_0155,merch_001,45531.04,2026-01-03T01:09:00,pay_demo_0155,Settlement setl_demo_0155,CREDIT,{}
btxn_demo_0155_ambig,btxn_demo_0155_ambig,merch_001,45531.04,2026-01-03T01:09:00,pay_demo_0155,Settlement setl_demo_0155,CREDIT,{}
btxn_demo_0156,btxn_demo_0156,merch_001,3833.93,2026-01-27T10:21:00,pay_demo_0156,Settlement setl_demo_0156,CREDIT,{}
btxn_demo_0158,btxn_demo_0158,merch_001,37994.15,2026-01-29T19:02:00,pay_demo_0158,Settlement setl_demo_0158,CREDIT,{}
btxn_demo_0159,btxn_demo_0159,merch_001,46054.36,2026-01-10T01:05:00,pay_demo_0159,Settlement setl_demo_0159,CREDIT,{}
btxn_demo_0160,btxn_demo_0160,merch_001,35224.15,2026-01-05T16:10:00,pay_demo_0160,Settlement setl_demo_0160,CREDIT,{}
btxn_demo_0161,btxn_demo_0161,merch_001,39827.56,2026-01-11T13:23:00,pay_demo_0161,Settlement setl_demo_0161,CREDIT,{}
btxn_demo_0162,btxn_demo_0162,merch_001,20661.38,2026-01-23T07:10:00,pay_demo_0162,Settlement setl_demo_0162,CREDIT,{}
btxn_demo_0163,btxn_demo_0163,merch_001,19188.96,2026-01-23T09:31:00,pay_demo_0163,Settlement setl_demo_0163,CREDIT,{}
btxn_demo_0165,btxn_demo_0165,merch_001,7982.98,2026-01-16T13:37:00,pay_demo_0165,Settlement setl_demo_0165,CREDIT,{}
btxn_demo_0165_ambig,btxn_demo_0165_ambig,merch_001,7982.98,2026-01-16T13:37:00,pay_demo_0165,Settlement setl_demo_0165,CREDIT,{}
btxn_demo_0166,btxn_demo_0166,merch_001,34546.64,2026-01-16T11:12:00,pay_demo_0166,Settlement setl_demo_0166,CREDIT,{}
btxn_demo_0167,btxn_demo_0167,merch_001,19130.08,2026-01-13T20:18:00,pay_demo_0167,Settlement setl_demo_0167,CREDIT,{}
btxn_demo_0167_ambig,btxn_demo_0167_ambig,merch_001,19130.08,2026-01-13T20:18:00,pay_demo_0167,Settlement setl_demo_0167,CREDIT,{}
btxn_demo_0168,btxn_demo_0168,merch_001,32945.67,2026-01-10T02:36:00,pay_demo_0168,Settlement setl_demo_0168,CREDIT,{}
btxn_demo_0169,btxn_demo_0169,merch_001,40825.49,2026-01-30T11:49:00,pay_demo_0169,Settlement setl_demo_0169,CREDIT,{}
btxn_demo_0170,btxn_demo_0170,merch_001,11028.33,2026-01-08T21:16:00,pay_demo_0170,Settlement setl_demo_0170,CREDIT,{}
btxn_demo_0171,btxn_demo_0171,merch_001,31410.16,2026-01-03T11:50:00,pay_demo_0171,Settlement setl_demo_0171,CREDIT,{}
btxn_demo_0172,btxn_demo_0172,merch_001,36644.75,2026-01-04T11:20:00,pay_demo_0172,Settlement setl_demo_0172,CREDIT,{}
btxn_demo_0173,btxn_demo_0173,merch_001,38560.05,2026-01-30T13:33:00,pay_demo_0173,Settlement setl_demo_0173,CREDIT,{}
btxn_demo_0174,btxn_demo_0174,merch_001,12664.35,2026-01-28T17:51:00,pay_demo_0174,Settlement setl_demo_0174,CREDIT,{}
btxn_demo_0176,btxn_demo_0176,merch_001,48999.12,2026-02-01T19:23:00,pay_demo_0176,Settlement setl_demo_0176,CREDIT,{}
btxn_demo_0177,btxn_demo_0177,merch_001,26874.96,2026-01-16T13:43:00,pay_demo_0177,Settlement setl_demo_0177,CREDIT,{}
btxn_demo_0178,btxn_demo_0178,merch_001,31963.61,2026-01-13T05:43:00,pay_demo_0178,Settlement setl_demo_0178,CREDIT,{}
btxn_demo_0179,btxn_demo_0179,merch_001,44223.32,2026-01-19T12:58:00,pay_demo_0179,Settlement setl_demo_0179,CREDIT,{}
btxn_demo_0180,btxn_demo_0180,merch_001,41210.38,2026-02-01T00:19:00,pay_demo_0180,Settlement setl_demo_0180,CREDIT,{}
btxn_demo_0181,btxn_demo_0181,merch_001,47318.45,2026-01-11T17:07:00,pay_demo_0181,Settlement setl_demo_0181,CREDIT,{}
btxn_demo_0182,btxn_demo_0182,merch_001,6869.64,2026-01-16T13:42:00,pay_demo_0182,Settlement setl_demo_0182,CREDIT,{}
btxn_demo_0183,btxn_demo_0183,merch_001,36357.3,2026-01-30T15:41:00,pay_demo_0183,Settlement setl_demo_0183,CREDIT,{}
btxn_demo_0184,btxn_demo_0184,merch_001,46958.75,2026-01-10T03:44:00,pay_demo_0184,Settlement setl_demo_0184,CREDIT,{}
btxn_demo_0185,btxn_demo_0185,merch_001,47532.7,2026-01-29T13:06:00,pay_demo_0185,Settlement setl_demo_0185,CREDIT,{}
btxn_demo_0187,btxn_demo_0187,merch_001,41227.13,2026-01-04T23:13:00,pay_demo_0187,Settlement setl_demo_0187,CREDIT,{}
btxn_demo_0188,btxn_demo_0188,merch_001,12254.09,2026-01-06T20:13:00,pay_demo_0188,Settlement setl_demo_0188,CREDIT,{}
btxn_demo_0189,btxn_demo_0189,merch_001,10875.97,2026-01-29T09:21:00,pay_demo_0189,Settlement setl_demo_0189,CREDIT,{}
btxn_demo_0190,btxn_demo_0190,merch_001,42934.47,2026-01-06T06:34:00,pay_demo_0190,Settlement setl_demo_0190,CREDIT,{}
btxn_demo_0191,btxn_demo_0191,merch_001,43335.75,2026-01-06T02:22:00,pay_demo_0191,Settlement setl_demo_0191,CREDIT,{}
btxn_demo_0192,btxn_demo_0192,merch_001,8794.89,2026-01-03T06:47:00,pay_demo_0192,Settlement setl_demo_0192,CREDIT,{}
btxn_demo_0193,btxn_demo_0193,merch_001,3271.55,2026-01-16T13:32:00,pay_demo_0193,Settlement setl_demo_0193,CREDIT,{}
btxn_demo_0194,btxn_demo_0194,merch_001,47276.24,2026-01-04T01:50:00,pay_demo_0194,Settlement setl_demo_0194,CREDIT,{}
btxn_demo_0196,btxn_demo_0196,merch_001,24564.42,2026-01-31T16:04:00,pay_demo_0196,Settlement setl_demo_0196,CREDIT,{}
btxn_demo_0197,btxn_demo_0197,merch_001,3377.54,2026-01-10T21:40:00,pay_demo_0197,Settlement setl_demo_0197,CREDIT,{}
btxn_demo_0198,btxn_demo_0198,merch_001,29311.65,2026-01-11T16:32:00,pay_demo_0198,Settlement setl_demo_0198,CREDIT,{}
btxn_demo_0199,btxn_demo_0199,merch_001,5809.26,2026-01-22T22:56:00,pay_demo_0199,Settlement setl_demo_0199,CREDIT,{}
btxn_demo_0200,btxn_demo_0200,merch_001,11501.83,2026-01-12T16:25:00,pay_demo_0200,Settlement setl_demo_0200,CREDIT,{}
btxn_demo_0201,btxn_demo_0201,merch_001,15694.93,2026-01-10T13:09:00,pay_demo_0201,Settlement setl_demo_0201,CREDIT,{}
btxn_demo_0202,btxn_demo_0202,merch_001,4359.68,2026-01-15T05:47:00,pay_demo_0202,Settlement setl_demo_0202,CREDIT,{}
btxn_demo_0203,btxn_demo_0203,merch_001,29364.61,2026-01-19T19:21:00,pay_demo_0203,Settlement setl_demo_0203,CREDIT,{}
btxn_demo_0204,btxn_demo_0204,merch_001,33300.49,2026-01-26T15:55:00,pay_demo_0204,Settlement setl_demo_0204,CREDIT,{}
btxn_demo_0205,btxn_demo_0205,merch_001,17647.14,2026-01-20T18:13:00,pay_demo_0205,Settlement setl_demo_0205,CREDIT,{}
btxn_demo_0206,btxn_demo_0206,merch_001,42379.01,2026-01-13T19:23:00,pay_demo_0206,Settlement setl_demo_0206,CREDIT,{}
btxn_demo_0209,btxn_demo_0209,merch_001,17616.07,2026-01-07T06:36:00,pay_demo_0209,Settlement setl_demo_0209,CREDIT,{}
btxn_demo_0210,btxn_demo_0210,merch_001,31695.28,2026-01-02T04:47:00,pay_demo_0210,Settlement setl_demo_0210,CREDIT,{}
btxn_demo_0211,btxn_demo_0211,merch_001,22736.92,2026-01-07T13:19:00,pay_demo_0211,Settlement setl_demo_0211,CREDIT,{}
btxn_demo_0212,btxn_demo_0212,merch_001,44178.78,2026-01-06T07:48:00,pay_demo_0212,Settlement setl_demo_0212,CREDIT,{}
btxn_demo_0213,btxn_demo_0213,merch_001,22211.34,2026-01-15T17:38:00,pay_demo_0213,Settlement setl_demo_0213,CREDIT,{}
btxn_demo_0215,btxn_demo_0215,merch_001,29697.4,2026-01-18T23:19:00,pay_demo_0215,Settlement setl_demo_0215,CREDIT,{}
btxn_demo_0216,btxn_demo_0216,merch_001,30006.32,2026-01-02T08:19:00,pay_demo_0216,Settlement setl_demo_0216,CREDIT,{}
btxn_demo_0217,btxn_demo_0217,merch_001,14543.41,2026-01-05T02:31:00,pay_demo_0217,Settlement setl_demo_0217,CREDIT,{}
btxn_demo_0218,btxn_demo_0218,merch_001,26675.86,2026-01-09T18:35:00,pay_demo_0218,Settlement setl_demo_0218,CREDIT,{}
btxn_demo_0219,btxn_demo_0219,merch_001,37127.86,2026-01-15T02:29:00,pay_demo_0219,Settlement setl_demo_0219,CREDIT,{}
btxn_demo_0220,btxn_demo_0220,merch_001,28712.64,2026-01-24T22:26:00,pay_demo_0220,Settlement setl_demo_0220,CREDIT,{}
btxn_demo_0221,btxn_demo_0221,merch_001,48313.36,2026-01-07T21:29:00,pay_demo_0221,Settlement setl_demo_0221,CREDIT,{}
btxn_demo_0222,btxn_demo_0222,merch_001,5382.57,2026-01-15T20:25:00,pay_demo_0222,Settlement setl_demo_0222,CREDIT,{}
btxn_demo_0223,btxn_demo_0223,merch_001,15582.7,2026-01-12T09:21:00,pay_demo_0223,Settlement setl_demo_0223,CREDIT,{}
btxn_demo_0225,btxn_demo_0225,merch_001,40965.54,2026-01-28T06:15:00,pay_demo_0225,Settlement setl_demo_0225,CREDIT,{}
btxn_demo_0226,btxn_demo_0226,merch_001,8757.6,2026-01-06T22:04:00,pay_demo_0226,Settlement setl_demo_0226,CREDIT,{}
btxn_demo_0227,btxn_demo_0227,merch_001,37746.85,2026-01-26T20:28:00,pay_demo_0227,Settlement setl_demo_0227,CREDIT,{}
btxn_demo_0228,btxn_demo_0228,merch_001,22044.16,2026-01-17T16:40:00,pay_demo_0228,Settlement setl_demo_0228,CREDIT,{}
btxn_demo_0229,btxn_demo_0229,merch_001,17661.92,2026-01-04T11:29:00,pay_demo_0229,Settlement setl_demo_0229,CREDIT,{}
btxn_demo_0230,btxn_demo_0230,merch_001,41601.66,2026-01-04T22:55:00,pay_demo_0230,Settlement setl_demo_0230,CREDIT,{}
btxn_demo_0231,btxn_demo_0231,merch_001,19285.68,2026-01-20T19:50:00,pay_demo_0231,Settlement setl_demo_0231,CREDIT,{}
btxn_demo_0232,btxn_demo_0232,merch_001,28625.67,2026-01-08T12:38:00,pay_demo_0232,Settlement setl_demo_0232,CREDIT,{}
btxn_demo_0233,btxn_demo_0233,merch_001,3187.5,2026-01-05T12:45:00,pay_demo_0233,Settlement setl_demo_0233,CREDIT,{}
btxn_demo_0234,btxn_demo_0234,merch_001,2053.19,2026-01-24T16:28:00,pay_demo_0234,Settlement setl_demo_0234,CREDIT,{}
btxn_demo_0236,btxn_demo_0236,merch_001,2713.04,2026-01-22T22:21:00,pay_demo_0236,Settlement setl_demo_0236,CREDIT,{}
btxn_demo_0237,btxn_demo_0237,merch_001,33951.13,2026-01-11T10:46:00,pay_demo_0237,Settlement setl_demo_0237,CREDIT,{}
btxn_demo_0238,btxn_demo_0238,merch_001,33214.24,2026-01-31T13:19:00,pay_demo_0238,Settlement setl_demo_0238,CREDIT,{}
btxn_demo_0240,btxn_demo_0240,merch_001,41465.05,2026-01-25T23:58:00,pay_demo_0240,Settlement setl_demo_0240,CREDIT,{}
btxn_demo_0242,btxn_demo_0242,merch_001,17152.44,2026-01-26T17:12:00,pay_demo_0242,Settlement setl_demo_0242,CREDIT,{}
btxn_demo_0243,btxn_demo_0243,merch_001,14860.03,2026-01-27T05:32:00,pay_demo_0243,Settlement setl_demo_0243,CREDIT,{}
btxn_demo_0244,btxn_demo_0244,merch_001,16904.54,2026-01-26T21:08:00,pay_demo_0244,Settlement setl_demo_0244,CREDIT,{}
btxn_demo_0245,btxn_demo_0245,merch_001,41584.12,2026-01-26T21:51:00,pay_demo_0245,Settlement setl_demo_0245,CREDIT,{}
btxn_demo_0246,btxn_demo_0246,merch_001,18278.54,2026-01-25T09:28:00,pay_demo_0246,Settlement setl_demo_0246,CREDIT,{}
btxn_demo_0248,btxn_demo_0248,merch_001,28563.93,2026-01-16T16:49:00,pay_demo_0248,Settlement setl_demo_0248,CREDIT,{}
btxn_demo_0249,btxn_demo_0249,merch_001,20991.18,2026-01-07T08:51:00,pay_demo_0249,Settlement setl_demo_0249,CREDIT,{}
btxn_demo_0250,btxn_demo_0250,merch_001,24081.47,2026-01-13T19:59:00,wrong_pay_demo_0250,Settlement setl_demo_0250,CREDIT,{}
btxn_demo_0251,btxn_demo_0251,merch_001,14324.64,2026-01-26T07:17:00,pay_demo_0251,Settlement setl_demo_0251,CREDIT,{}
btxn_demo_0253,btxn_demo_0253,merch_001,20803.36,2026-01-14T18:23:00,pay_demo_0253,Settlement setl_demo_0253,CREDIT,{}
btxn_demo_0253_ambig,btxn_demo_0253_ambig,merch_001,20803.36,2026-01-14T18:23:00,pay_demo_0253,Settlement setl_demo_0253,CREDIT,{}
btxn_demo_0254,btxn_demo_0254,merch_001,18808.14,2026-01-02T12:59:00,pay_demo_0254,Settlement setl_demo_0254,CREDIT,{}
btxn_demo_0255,btxn_demo_0255,merch_001,7387.86,2026-01-03T11:58:00,pay_demo_0255,Settlement setl_demo_0255,CREDIT,{}
btxn_demo_0256,btxn_demo_0256,merch_001,23508.6,2026-01-21T02:57:00,pay_demo_0256,Settlement setl_demo_0256,CREDIT,{}
btxn_demo_0257,btxn_demo_0257,merch_001,41764.66,2026-01-20T01:38:00,pay_demo_0257,Settlement setl_demo_0257,CREDIT,{}
btxn_demo_0258,btxn_demo_0258,merch_001,14476.27,2026-01-11T05:03:00,pay_demo_0258,Settlement setl_demo_0258,CREDIT,{}
btxn_demo_0259,btxn_demo_0259,merch_001,31178.25,2026-01-04T05:53:00,pay_demo_0259,Settlement setl_demo_0259,CREDIT,{}
btxn_demo_0260,btxn_demo_0260,merch_001,31634.55,2026-01-20T09:45:00,pay_demo_0260,Settlement setl_demo_0260,CREDIT,{}
btxn_demo_0262,btxn_demo_0262,merch_001,26221.88,2026-01-13T04:33:00,pay_demo_0262,Settlement setl_demo_0262,CREDIT,{}
btxn_demo_0263,btxn_demo_0263,merch_001,25430.37,2026-01-02T14:55:00,pay_demo_0263,Settlement setl_demo_0263,CREDIT,{}
btxn_demo_0264,btxn_demo_0264,merch_001,49053.87,2026-01-11T01:01:00,pay_demo_0264,Settlement setl_demo_0264,CREDIT,{}
btxn_demo_0265,btxn_demo_0265,merch_001,36673.76,2026-01-22T05:49:00,pay_demo_0265,Settlement setl_demo_0265,CREDIT,{}
btxn_demo_0266,btxn_demo_0266,merch_001,27346.09,2026-01-28T22:11:00,pay_demo_0266,Settlement setl_demo_0266,CREDIT,{}
btxn_demo_0267,btxn_demo_0267,merch_001,40593.73,2026-01-05T00:49:00,pay_demo_0267,Settlement setl_demo_0267,CREDIT,{}
btxn_demo_0268,btxn_demo_0268,merch_001,2285.93,2026-01-08T03:20:00,pay_demo_0268,Settlement setl_demo_0268,CREDIT,{}
btxn_demo_0269,btxn_demo_0269,merch_001,40788.76,2026-01-17T10:02:00,pay_demo_0269,Settlement setl_demo_0269,CREDIT,{}
btxn_demo_0270,btxn_demo_0270,merch_001,38282.71,2026-01-29T22:21:00,pay_demo_0270,Settlement setl_demo_0270,CREDIT,{}
btxn_demo_0271,btxn_demo_0271,merch_001,21903.87,2026-01-15T01:28:00,pay_demo_0271,Settlement setl_demo_0271,CREDIT,{}
btxn_demo_0271_ambig,btxn_demo_0271_ambig,merch_001,21903.87,2026-01-15T01:28:00,pay_demo_0271,Settlement setl_demo_0271,CREDIT,{}
btxn_demo_0272,btxn_demo_0272,merch_001,24363.33,2026-01-17T13:59:00,pay_demo_0272,Settlement setl_demo_0272,CREDIT,{}
btxn_demo_0273,btxn_demo_0273,merch_001,36381.36,2026-01-04T15:38:00,pay_demo_0273,Settlement setl_demo_0273,CREDIT,{}
btxn_demo_0274,btxn_demo_0274,merch_001,5219.64,2026-01-12T23:18:00,pay_demo_0274,Settlement setl_demo_0274,CREDIT,{}
btxn_demo_0277,btxn_demo_0277,merch_001,20369.89,2026-01-19T01:43:00,pay_demo_0277,Settlement setl_demo_0277,CREDIT,{}
btxn_demo_0278,btxn_demo_0278,merch_001,30417.89,2026-01-27T16:02:00,pay_demo_0278,Settlement setl_demo_0278,CREDIT,{}
btxn_demo_0279,btxn_demo_0279,merch_001,32293.63,2026-01-13T14:36:00,pay_demo_0279,Settlement setl_demo_0279,CREDIT,{}
btxn_demo_0280,btxn_demo_0280,merch_001,22551.14,2026-01-13T13:28:00,pay_demo_0280,Settlement setl_demo_0280,CREDIT,{}
btxn_demo_0281,btxn_demo_0281,merch_001,18410.8,2026-01-12T22:17:00,pay_demo_0281,Settlement setl_demo_0281,CREDIT,{}
btxn_demo_0282,btxn_demo_0282,merch_001,9383.8,2026-01-18T14:58:00,pay_demo_0282,Settlement setl_demo_0282,CREDIT,{}
btxn_demo_0283,btxn_demo_0283,merch_001,35231.49,2026-01-08T21:18:00,pay_demo_0283,Settlement setl_demo_0283,CREDIT,{}
btxn_demo_0284,btxn_demo_0284,merch_001,41802.91,2026-01-16T07:57:00,pay_demo_0284,Settlement setl_demo_0284,CREDIT,{}
btxn_demo_0285,btxn_demo_0285,merch_001,48381.31,2026-01-12T23:22:00,pay_demo_0285,Settlement setl_demo_0285,CREDIT,{}
btxn_demo_0286,btxn_demo_0286,merch_001,44577.45,2026-01-29T07:45:00,pay_demo_0286,Settlement setl_demo_0286,CREDIT,{}
btxn_demo_0287,btxn_demo_0287,merch_001,6155.99,2026-01-08T06:15:00,pay_demo_0287,Settlement setl_demo_0287,CREDIT,{}
btxn_demo_0288,btxn_demo_0288,merch_001,28656.64,2026-01-16T19:08:00,pay_demo_0288,Settlement setl_demo_0288,CREDIT,{}
btxn_demo_0289,btxn_demo_0289,merch_001,48980.19,2026-01-25T17:33:00,pay_demo_0289,Settlement setl_demo_0289,CREDIT,{}
btxn_demo_0291,btxn_demo_0291,merch_001,17291.29,2026-01-30T19:40:00,pay_demo_0291,Settlement setl_demo_0291,CREDIT,{}
btxn_demo_0292,btxn_demo_0292,merch_001,45544.54,2026-01-03T05:33:00,pay_demo_0292,Settlement setl_demo_0292,CREDIT,{}
btxn_demo_0293,btxn_demo_0293,merch_001,16200.77,2026-01-24T09:22:00,wrong_pay_demo_0293,Settlement setl_demo_0293,CREDIT,{}
btxn_demo_0294,btxn_demo_0294,merch_001,12605.2,2026-01-22T19:17:00,pay_demo_0294,Settlement setl_demo_0294,CREDIT,{}
btxn_demo_0296,btxn_demo_0296,merch_001,36059.58,2026-01-21T12:53:00,pay_demo_0296,Settlement setl_demo_0296,CREDIT,{}
btxn_demo_0297,btxn_demo_0297,merch_001,47432.49,2026-01-26T20:16:00,pay_demo_0297,Settlement setl_demo_0297,CREDIT,{}
btxn_demo_0299,btxn_demo_0299,merch_001,24198.95,2026-01-27T23:25:00,pay_demo_0299,Settlement setl_demo_0299,CREDIT,{}
btxn_demo_0300,btxn_demo_0300,merch_001,3089.66,2026-01-16T15:30:00,pay_demo_0300,Settlement setl_demo_0300,CREDIT,{}
btxn_demo_0301,btxn_demo_0301,merch_001,7269.07,2026-01-30T00:20:00,pay_demo_0301,Settlement setl_demo_0301,CREDIT,{}
btxn_demo_0302,btxn_demo_0302,merch_001,18589.96,2026-01-19T05:20:00,pay_demo_0302,Settlement setl_demo_0302,CREDIT,{}
btxn_demo_0303,btxn_demo_0303,merch_001,22534.84,2026-01-06T05:03:00,wrong_pay_demo_0303,Settlement setl_demo_0303,CREDIT,{}
btxn_demo_0305,btxn_demo_0305,merch_001,9572.72,2026-01-07T17:32:00,wrong_pay_demo_0305,Settlement setl_demo_0305,CREDIT,{}
btxn_demo_0306,btxn_demo_0306,merch_001,24918.78,2026-01-04T14:32:00,pay_demo_0306,Settlement setl_demo_0306,CREDIT,{}
btxn_demo_0307,btxn_demo_0307,merch_001,17709.46,2026-01-03T11:31:00,pay_demo_0307,Settlement setl_demo_0307,CREDIT,{}
btxn_demo_0308,btxn_demo_0308,merch_001,42373.9,2026-01-15T06:56:00,pay_demo_0308,Settlement setl_demo_0308,CREDIT,{}
btxn_demo_0309,btxn_demo_0309,merch_001,18360.27,2026-01-14T03:36:00,pay_demo_0309,Settlement setl_demo_0309,CREDIT,{}
btxn_demo_0312,btxn_demo_0312,merch_001,37772.76,2026-01-08T21:32:00,pay_demo_0312,Settlement setl_demo_0312,CREDIT,{}
btxn_demo_0313,btxn_demo_0313,merch_001,2041.81,2026-01-24T12:51:00,pay_demo_0313,Settlement setl_demo_0313,CREDIT,{}
btxn_demo_0314,btxn_demo_0314,merch_001,30352.4,2026-01-18T06:20:00,pay_demo_0314,Settlement setl_demo_0314,CREDIT,{}
btxn_demo_0315,btxn_demo_0315,merch_001,30246.10,2026-01-28T11:37:00,pay_demo_0315,Settlement setl_demo_0315,CREDIT,{}
btxn_demo_0316,btxn_demo_0316,merch_001,26663.76,2026-01-24T20:19:00,pay_demo_0316,Settlement setl_demo_0316,CREDIT,{}
btxn_demo_0317,btxn_demo_0317,merch_001,33722.94,2026-01-15T20:19:00,pay_demo_0317,Settlement setl_demo_0317,CREDIT,{}
btxn_demo_0318,btxn_demo_0318,merch_001,48356.83,2026-01-27T20:36:00,pay_demo_0318,Settlement setl_demo_0318,CREDIT,{}
btxn_demo_0319,btxn_demo_0319,merch_001,8436.38,2026-01-23T01:39:00,pay_demo_0319,Settlement setl_demo_0319,CREDIT,{}
btxn_demo_0320,btxn_demo_0320,merch_001,12185.61,2026-01-21T00:07:00,pay_demo_0320,Settlement setl_demo_0320,CREDIT,{}
btxn_demo_0321,btxn_demo_0321,merch_001,20997.14,2026-01-16T00:13:00,pay_demo_0321,Settlement setl_demo_0321,CREDIT,{}
btxn_demo_0322,btxn_demo_0322,merch_001,46034.0,2026-01-30T01:46:00,pay_demo_0322,Settlement setl_demo_0322,CREDIT,{}
btxn_demo_0324,btxn_demo_0324,merch_001,23037.21,2026-01-19T12:34:00,pay_demo_0324,Settlement setl_demo_0324,CREDIT,{}
btxn_demo_0327,btxn_demo_0327,merch_001,24501.25,2026-01-17T13:35:00,pay_demo_0327,Settlement setl_demo_0327,CREDIT,{}
btxn_demo_0328,btxn_demo_0328,merch_001,33863.45,2026-01-14T14:52:00,pay_demo_0328,Settlement setl_demo_0328,CREDIT,{}
btxn_demo_0329,btxn_demo_0329,merch_001,14452.75,2026-01-24T04:22:00,pay_demo_0329,Settlement setl_demo_0329,CREDIT,{}
btxn_demo_0330,btxn_demo_0330,merch_001,24006.06,2026-01-08T19:17:00,pay_demo_0330,Settlement setl_demo_0330,CREDIT,{}
btxn_demo_0331,btxn_demo_0331,merch_001,37070.46,2026-01-09T09:03:00,pay_demo_0331,Settlement setl_demo_0331,CREDIT,{}
btxn_demo_0334,btxn_demo_0334,merch_001,44044.31,2026-01-17T17:41:00,pay_demo_0334,Settlement setl_demo_0334,CREDIT,{}
btxn_demo_0335,btxn_demo_0335,merch_001,32330.31,2026-01-31T04:41:00,pay_demo_0335,Settlement setl_demo_0335,CREDIT,{}
btxn_demo_0336,btxn_demo_0336,merch_001,42531.62,2026-01-03T07:26:00,pay_demo_0336,Settlement setl_demo_0336,CREDIT,{}
btxn_demo_0336_ambig,btxn_demo_0336_ambig,merch_001,42531.62,2026-01-03T07:26:00,pay_demo_0336,Settlement setl_demo_0336,CREDIT,{}
btxn_demo_0337,btxn_demo_0337,merch_001,19910.03,2026-01-17T07:59:00,pay_demo_0337,Settlement setl_demo_0337,CREDIT,{}
btxn_demo_0338,btxn_demo_0338,merch_001,28441.3,2026-01-05T12:18:00,pay_demo_0338,Settlement setl_demo_0338,CREDIT,{}
btxn_demo_0339,btxn_demo_0339,merch_001,24746.23,2026-02-01T06:54:00,pay_demo_0339,Settlement setl_demo_0339,CREDIT,{}
btxn_demo_0340,btxn_demo_0340,merch_001,40459.81,2026-01-12T07:46:00,pay_demo_0340,Settlement setl_demo_0340,CREDIT,{}
btxn_demo_0342,btxn_demo_0342,merch_001,9738.75,2026-01-21T22:57:00,pay_demo_0342,Settlement setl_demo_0342,CREDIT,{}
btxn_demo_0343,btxn_demo_0343,merch_001,4428.21,2026-01-23T05:11:00,pay_demo_0343,Settlement setl_demo_0343,CREDIT,{}
btxn_demo_0345,btxn_demo_0345,merch_001,15167.1,2026-01-25T20:00:00,pay_demo_0345,Settlement setl_demo_0345,CREDIT,{}
btxn_demo_0346,btxn_demo_0346,merch_001,11891.5,2026-01-23T05:29:00,pay_demo_0346,Settlement setl_demo_0346,CREDIT,{}
btxn_demo_0347,btxn_demo_0347,merch_001,25175.77,2026-01-31T00:49:00,pay_demo_0347,Settlement setl_demo_0347,CREDIT,{}
btxn_demo_0348,btxn_demo_0348,merch_001,47037.72,2026-01-13T21:14:00,pay_demo_0348,Settlement setl_demo_0348,CREDIT,{}
btxn_demo_0349,btxn_demo_0349,merch_001,22803.44,2026-01-21T13:26:00,pay_demo_0349,Settlement setl_demo_0349,CREDIT,{}
btxn_demo_0350,btxn_demo_0350,merch_001,40119.55,2026-01-28T08:48:00,pay_demo_0350,Settlement setl_demo_0350,CREDIT,{}
btxn_demo_0351,btxn_demo_0351,merch_001,43669.44,2026-01-04T18:28:00,pay_demo_0351,Settlement setl_demo_0351,CREDIT,{}
btxn_demo_0352,btxn_demo_0352,merch_001,28252.02,2026-01-03T19:57:00,pay_demo_0352,Settlement setl_demo_0352,CREDIT,{}
btxn_demo_0353,btxn_demo_0353,merch_001,7577.63,2026-01-12T18:28:00,pay_demo_0353,Settlement setl_demo_0353,CREDIT,{}
btxn_demo_0354,btxn_demo_0354,merch_001,29199.07,2026-01-04T18:28:00,pay_demo_0354,Settlement setl_demo_0354,CREDIT,{}
btxn_demo_0355,btxn_demo_0355,merch_001,20413.10,2026-01-20T03:35:00,pay_demo_0355,Settlement setl_demo_0355,CREDIT,{}
btxn_demo_0356,btxn_demo_0356,merch_001,36191.68,2026-01-14T10:52:00,pay_demo_0356,Settlement setl_demo_0356,CREDIT,{}
btxn_demo_0358,btxn_demo_0358,merch_001,3544.06,2026-01-31T17:02:00,pay_demo_0358,Settlement setl_demo_0358,CREDIT,{}
btxn_demo_0359,btxn_demo_0359,merch_001,6857.9,2026-01-23T01:41:00,pay_demo_0359,Settlement setl_demo_0359,CREDIT,{}
btxn_demo_0359_ambig,btxn_demo_0359_ambig,merch_001,6857.9,2026-01-23T01:41:00,pay_demo_0359,Settlement setl_demo_0359,CREDIT,{}
btxn_demo_0360,btxn_demo_0360,merch_001,19185.73,2026-01-29T14:24:00,pay_demo_0360,Settlement setl_demo_0360,CREDIT,{}
btxn_demo_0360_ambig,btxn_demo_0360_ambig,merch_001,19185.73,2026-01-29T14:24:00,pay_demo_0360,Settlement setl_demo_0360,CREDIT,{}
btxn_demo_0361,btxn_demo_0361,merch_001,43740.23,2026-01-06T22:55:00,pay_demo_0361,Settlement setl_demo_0361,CREDIT,{}
btxn_demo_0362,btxn_demo_0362,merch_001,26909.2,2026-01-18T06:46:00,pay_demo_0362,Settlement setl_demo_0362,CREDIT,{}
btxn_demo_0363,btxn_demo_0363,merch_001,48926.69,2026-01-16T23:46:00,pay_demo_0363,Settlement setl_demo_0363,CREDIT,{}
btxn_demo_0364,btxn_demo_0364,merch_001,41185.69,2026-01-09T16:22:00,pay_demo_0364,Settlement setl_demo_0364,CREDIT,{}
btxn_demo_0365,btxn_demo_0365,merch_001,43772.89,2026-01-26T05:02:00,pay_demo_0365,Settlement setl_demo_0365,CREDIT,{}
btxn_demo_0366,btxn_demo_0366,merch_001,44199.46,2026-01-02T09:13:00,pay_demo_0366,Settlement setl_demo_0366,CREDIT,{}
btxn_demo_0367,btxn_demo_0367,merch_001,22377.41,2026-01-24T00:55:00,pay_demo_0367,Settlement setl_demo_0367,CREDIT,{}
btxn_demo_0368,btxn_demo_0368,merch_001,20173.04,2026-01-09T19:13:00,pay_demo_0368,Settlement setl_demo_0368,CREDIT,{}
btxn_demo_0369,btxn_demo_0369,merch_001,14534.25,2026-01-29T01:36:00,pay_demo_0369,Settlement setl_demo_0369,CREDIT,{}
btxn_demo_0370,btxn_demo_0370,merch_001,33659.34,2026-01-12T09:19:00,pay_demo_0370,Settlement setl_demo_0370,CREDIT,{}
btxn_demo_0372,btxn_demo_0372,merch_001,27836.95,2026-01-03T13:41:00,pay_demo_0372,Settlement setl_demo_0372,CREDIT,{}
btxn_demo_0373,btxn_demo_0373,merch_001,20874.6,2026-01-06T11:24:00,pay_demo_0373,Settlement setl_demo_0373,CREDIT,{}
btxn_demo_0374,btxn_demo_0374,merch_001,42482.11,2026-01-12T00:09:00,pay_demo_0374,Settlement setl_demo_0374,CREDIT,{}
btxn_demo_0375,btxn_demo_0375,merch_001,48392.53,2026-01-19T18:08:00,pay_demo_0375,Settlement setl_demo_0375,CREDIT,{}
btxn_demo_0376,btxn_demo_0376,merch_001,16580.12,2026-01-04T16:54:00,pay_demo_0376,Settlement setl_demo_0376,CREDIT,{}
btxn_demo_0377,btxn_demo_0377,merch_001,41487.37,2026-01-03T10:24:00,pay_demo_0377,Settlement setl_demo_0377,CREDIT,{}
btxn_demo_0378,btxn_demo_0378,merch_001,38108.65,2026-01-25T23:35:00,pay_demo_0378,Settlement setl_demo_0378,CREDIT,{}
btxn_demo_0379,btxn_demo_0379,merch_001,45360.94,2026-01-11T02:13:00,pay_demo_0379,Settlement setl_demo_0379,CREDIT,{}
btxn_demo_0381,btxn_demo_0381,merch_001,27648.76,2026-01-26T11:24:00,pay_demo_0381,Settlement setl_demo_0381,CREDIT,{}
btxn_demo_0382,btxn_demo_0382,merch_001,15490.27,2026-01-13T18:56:00,pay_demo_0382,Settlement setl_demo_0382,CREDIT,{}
btxn_demo_0383,btxn_demo_0383,merch_001,49067.79,2026-01-17T12:58:00,pay_demo_0383,Settlement setl_demo_0383,CREDIT,{}
btxn_demo_0384,btxn_demo_0384,merch_001,2381.2,2026-01-29T09:47:00,pay_demo_0384,Settlement setl_demo_0384,CREDIT,{}
btxn_demo_0385,btxn_demo_0385,merch_001,46744.44,2026-01-21T01:26:00,pay_demo_0385,Settlement setl_demo_0385,CREDIT,{}
btxn_demo_0386,btxn_demo_0386,merch_001,11577.93,2026-01-20T09:31:00,pay_demo_0386,Settlement setl_demo_0386,CREDIT,{}
btxn_demo_0387,btxn_demo_0387,merch_001,24482.19,2026-01-25T22:47:00,pay_demo_0387,Settlement setl_demo_0387,CREDIT,{}
btxn_demo_0388,btxn_demo_0388,merch_001,39769.28,2026-01-07T06:46:00,pay_demo_0388,Settlement setl_demo_0388,CREDIT,{}
btxn_demo_0390,btxn_demo_0390,merch_001,33443.96,2026-01-26T02:26:00,pay_demo_0390,Settlement setl_demo_0390,CREDIT,{}
btxn_demo_0391,btxn_demo_0391,merch_001,35387.76,2026-01-02T08:32:00,pay_demo_0391,Settlement setl_demo_0391,CREDIT,{}
btxn_demo_0392,btxn_demo_0392,merch_001,31922.66,2026-01-31T21:58:00,pay_demo_0392,Settlement setl_demo_0392,CREDIT,{}
btxn_demo_0394,btxn_demo_0394,merch_001,26833.33,2026-01-11T02:32:00,pay_demo_0394,Settlement setl_demo_0394,CREDIT,{}
btxn_demo_0395,btxn_demo_0395,merch_001,4807.94,2026-01-06T09:12:00,pay_demo_0395,Settlement setl_demo_0395,CREDIT,{}
btxn_demo_0396,btxn_demo_0396,merch_001,13439.5,2026-01-14T04:23:00,pay_demo_0396,Settlement setl_demo_0396,CREDIT,{}
btxn_demo_0397,btxn_demo_0397,merch_001,49512.63,2026-01-09T11:43:00,pay_demo_0397,Settlement setl_demo_0397,CREDIT,{}
btxn_demo_0397_ambig,btxn_demo_0397_ambig,merch_001,49512.63,2026-01-09T11:43:00,pay_demo_0397,Settlement setl_demo_0397,CREDIT,{}
btxn_demo_0398,btxn_demo_0398,merch_001,32529.73,2026-01-03T04:25:00,pay_demo_0398,Settlement setl_demo_0398,CREDIT,{}
btxn_demo_0399,btxn_demo_0399,merch_001,2900.14,2026-01-03T00:10:00,wrong_pay_demo_0399,Settlement setl_demo_0399,CREDIT,{}
btxn_demo_0401,btxn_demo_0401,merch_001,11565.35,2026-01-31T00:56:00,pay_demo_0401,Settlement setl_demo_0401,CREDIT,{}
btxn_demo_0403,btxn_demo_0403,merch_001,9049.79,2026-01-29T12:01:00,pay_demo_0403,Settlement setl_demo_0403,CREDIT,{}
btxn_demo_0404,btxn_demo_0404,merch_001,41052.47,2026-01-28T14:59:00,pay_demo_0404,Settlement setl_demo_0404,CREDIT,{}
btxn_demo_0405,btxn_demo_0405,merch_001,12099.56,2026-01-28T14:43:00,pay_demo_0405,Settlement setl_demo_0405,CREDIT,{}
btxn_demo_0406,btxn_demo_0406,merch_001,37013.28,2026-01-28T00:46:00,pay_demo_0406,Settlement setl_demo_0406,CREDIT,{}
btxn_demo_0407,btxn_demo_0407,merch_001,17358.39,2026-01-05T15:14:00,pay_demo_0407,Settlement setl_demo_0407,CREDIT,{}
btxn_demo_0408,btxn_demo_0408,merch_001,30731.88,2026-01-21T14:49:00,pay_demo_0408,Settlement setl_demo_0408,CREDIT,{}
btxn_demo_0410,btxn_demo_0410,merch_001,21649.21,2026-01-23T20:42:00,pay_demo_0410,Settlement setl_demo_0410,CREDIT,{}
btxn_demo_0411,btxn_demo_0411,merch_001,14839.44,2026-01-10T00:04:00,pay_demo_0411,Settlement setl_demo_0411,CREDIT,{}
btxn_demo_0412,btxn_demo_0412,merch_001,35612.69,2026-01-22T06:47:00,pay_demo_0412,Settlement setl_demo_0412,CREDIT,{}
btxn_demo_0413,btxn_demo_0413,merch_001,4666.87,2026-02-01T11:28:00,pay_demo_0413,Settlement setl_demo_0413,CREDIT,{}
btxn_demo_0414,btxn_demo_0414,merch_001,4456.13,2026-01-15T16:35:00,pay_demo_0414,Settlement setl_demo_0414,CREDIT,{}
btxn_demo_0415,btxn_demo_0415,merch_001,4571.98,2026-01-19T04:38:00,pay_demo_0415,Settlement setl_demo_0415,CREDIT,{}
btxn_demo_0416,btxn_demo_0416,merch_001,20749.12,2026-01-26T04:46:00,pay_demo_0416,Settlement setl_demo_0416,CREDIT,{}
btxn_demo_0417,btxn_demo_0417,merch_001,34297.27,2026-01-07T06:17:00,pay_demo_0417,Settlement setl_demo_0417,CREDIT,{}
btxn_demo_0418,btxn_demo_0418,merch_001,3257.03,2026-01-15T10:26:00,pay_demo_0418,Settlement setl_demo_0418,CREDIT,{}
btxn_demo_0419,btxn_demo_0419,merch_001,18120.13,2026-02-01T09:46:00,pay_demo_0419,Settlement setl_demo_0419,CREDIT,{}
btxn_demo_0420,btxn_demo_0420,merch_001,22947.3,2026-01-06T11:00:00,wrong_pay_demo_0420,Settlement setl_demo_0420,CREDIT,{}
btxn_demo_0421,btxn_demo_0421,merch_001,18675.38,2026-01-29T12:28:00,pay_demo_0421,Settlement setl_demo_0421,CREDIT,{}
btxn_demo_0423,btxn_demo_0423,merch_001,10122.49,2026-01-12T07:25:00,pay_demo_0423,Settlement setl_demo_0423,CREDIT,{}
btxn_demo_0424,btxn_demo_0424,merch_001,31681.83,2026-02-01T20:50:00,pay_demo_0424,Settlement setl_demo_0424,CREDIT,{}
btxn_demo_0425,btxn_demo_0425,merch_001,40843.08,2026-01-14T13:07:00,pay_demo_0425,Settlement setl_demo_0425,CREDIT,{}
btxn_demo_0425_ambig,btxn_demo_0425_ambig,merch_001,40843.08,2026-01-14T13:07:00,pay_demo_0425,Settlement setl_demo_0425,CREDIT,{}
btxn_demo_0426,btxn_demo_0426,merch_001,9078.37,2026-01-26T19:01:00,pay_demo_0426,Settlement setl_demo_0426,CREDIT,{}
btxn_demo_0427,btxn_demo_0427,merch_001,14637.43,2026-01-24T04:52:00,pay_demo_0427,Settlement setl_demo_0427,CREDIT,{}
btxn_demo_0428,btxn_demo_0428,merch_001,31703.47,2026-01-09T10:42:00,pay_demo_0428,Settlement setl_demo_0428,CREDIT,{}
btxn_demo_0429,btxn_demo_0429,merch_001,3790.86,2026-01-21T17:37:00,pay_demo_0429,Settlement setl_demo_0429,CREDIT,{}
btxn_demo_0431,btxn_demo_0431,merch_001,40633.62,2026-01-21T22:58:00,pay_demo_0431,Settlement setl_demo_0431,CREDIT,{}
btxn_demo_0432,btxn_demo_0432,merch_001,32914.32,2026-01-13T07:41:00,pay_demo_0432,Settlement setl_demo_0432,CREDIT,{}
btxn_demo_0432_ambig,btxn_demo_0432_ambig,merch_001,32914.32,2026-01-13T07:41:00,pay_demo_0432,Settlement setl_demo_0432,CREDIT,{}
btxn_demo_0433,btxn_demo_0433,merch_001,33905.85,2026-01-14T12:50:00,pay_demo_0433,Settlement setl_demo_0433,CREDIT,{}
btxn_demo_0434,btxn_demo_0434,merch_001,13011.04,2026-01-19T01:33:00,pay_demo_0434,Settlement setl_demo_0434,CREDIT,{}
btxn_demo_0435,btxn_demo_0435,merch_001,23206.85,2026-01-23T20:44:00,pay_demo_0435,Settlement setl_demo_0435,CREDIT,{}
btxn_demo_0436,btxn_demo_0436,merch_001,1299.17,2026-01-05T11:26:00,pay_demo_0436,Settlement setl_demo_0436,CREDIT,{}
btxn_demo_0437,btxn_demo_0437,merch_001,36534.52,2026-01-13T11:21:00,pay_demo_0437,Settlement setl_demo_0437,CREDIT,{}
btxn_demo_0438,btxn_demo_0438,merch_001,17480.18,2026-01-05T16:46:00,pay_demo_0438,Settlement setl_demo_0438,CREDIT,{}
btxn_demo_0439,btxn_demo_0439,merch_001,2329.68,2026-01-24T05:01:00,pay_demo_0439,Settlement setl_demo_0439,CREDIT,{}
btxn_demo_0440,btxn_demo_0440,merch_001,40022.5,2026-02-01T01:15:00,pay_demo_0440,Settlement setl_demo_0440,CREDIT,{}
btxn_demo_0441,btxn_demo_0441,merch_001,16616.38,2026-01-15T16:14:00,pay_demo_0441,Settlement setl_demo_0441,CREDIT,{}
btxn_demo_0442,btxn_demo_0442,merch_001,32059.9,2026-01-15T14:01:00,pay_demo_0442,Settlement setl_demo_0442,CREDIT,{}
btxn_demo_0443,btxn_demo_0443,merch_001,19502.91,2026-01-24T08:13:00,pay_demo_0443,Settlement setl_demo_0443,CREDIT,{}
btxn_demo_0444,btxn_demo_0444,merch_001,39995.17,2026-01-19T07:23:00,pay_demo_0444,Settlement setl_demo_0444,CREDIT,{}
btxn_demo_0445,btxn_demo_0445,merch_001,13191.43,2026-01-29T17:33:00,pay_demo_0445,Settlement setl_demo_0445,CREDIT,{}
btxn_demo_0446,btxn_demo_0446,merch_001,19687.95,2026-01-05T13:22:00,pay_demo_0446,Settlement setl_demo_0446,CREDIT,{}
btxn_demo_0447,btxn_demo_0447,merch_001,33712.08,2026-01-27T11:58:00,pay_demo_0447,Settlement setl_demo_0447,CREDIT,{}
btxn_demo_0448,btxn_demo_0448,merch_001,5981.3,2026-01-11T05:11:00,pay_demo_0448,Settlement setl_demo_0448,CREDIT,{}
btxn_demo_0449,btxn_demo_0449,merch_001,20970.13,2026-01-06T20:24:00,pay_demo_0449,Settlement setl_demo_0449,CREDIT,{}
btxn_demo_0450,btxn_demo_0450,merch_001,26915.23,2026-01-31T22:59:00,pay_demo_0450,Settlement setl_demo_0450,CREDIT,{}
btxn_demo_0451,btxn_demo_0451,merch_001,14512.86,2026-01-07T12:53:00,pay_demo_0451,Settlement setl_demo_0451,CREDIT,{}
btxn_demo_0452,btxn_demo_0452,merch_001,18016.05,2026-01-02T17:08:00,pay_demo_0452,Settlement setl_demo_0452,CREDIT,{}
btxn_demo_0452_ambig,btxn_demo_0452_ambig,merch_001,18016.05,2026-01-02T17:08:00,pay_demo_0452,Settlement setl_demo_0452,CREDIT,{}
btxn_demo_0454,btxn_demo_0454,merch_001,22248.2,2026-01-07T04:36:00,pay_demo_0454,Settlement setl_demo_0454,CREDIT,{}
btxn_demo_0455,btxn_demo_0455,merch_001,13815.16,2026-01-19T11:10:00,pay_demo_0455,Settlement setl_demo_0455,CREDIT,{}
btxn_demo_0456,btxn_demo_0456,merch_001,38319.39,2026-01-19T18:07:00,pay_demo_0456,Settlement setl_demo_0456,CREDIT,{}
btxn_demo_0457,btxn_demo_0457,merch_001,41181.81,2026-01-13T19:52:00,pay_demo_0457,Settlement setl_demo_0457,CREDIT,{}
btxn_demo_0458,btxn_demo_0458,merch_001,49489.81,2026-01-06T01:53:00,wrong_pay_demo_0458,Settlement setl_demo_0458,CREDIT,{}
btxn_demo_0459,btxn_demo_0459,merch_001,1708.3,2026-01-10T13:55:00,wrong_pay_demo_0459,Settlement setl_demo_0459,CREDIT,{}
btxn_demo_0460,btxn_demo_0460,merch_001,5957.56,2026-01-27T09:13:00,pay_demo_0460,Settlement setl_demo_0460,CREDIT,{}
btxn_demo_0461,btxn_demo_0461,merch_001,8382.48,2026-01-06T08:52:00,pay_demo_0461,Settlement setl_demo_0461,CREDIT,{}
btxn_demo_0462,btxn_demo_0462,merch_001,26660.81,2026-01-21T19:10:00,pay_demo_0462,Settlement setl_demo_0462,CREDIT,{}
btxn_demo_0463,btxn_demo_0463,merch_001,13440.42,2026-01-29T18:57:00,pay_demo_0463,Settlement setl_demo_0463,CREDIT,{}
btxn_demo_0463_ambig,btxn_demo_0463_ambig,merch_001,13440.42,2026-01-29T18:57:00,pay_demo_0463,Settlement setl_demo_0463,CREDIT,{}
btxn_demo_0464,btxn_demo_0464,merch_001,39305.98,2026-01-31T03:17:00,pay_demo_0464,Settlement setl_demo_0464,CREDIT,{}
btxn_demo_0465,btxn_demo_0465,merch_001,35598.6,2026-01-28T09:48:00,pay_demo_0465,Settlement setl_demo_0465,CREDIT,{}
btxn_demo_0466,btxn_demo_0466,merch_001,31656.86,2026-01-22T15:24:00,pay_demo_0466,Settlement setl_demo_0466,CREDIT,{}
btxn_demo_0467,btxn_demo_0467,merch_001,44018.24,2026-01-04T14:32:00,pay_demo_0467,Settlement setl_demo_0467,CREDIT,{}
btxn_demo_0468,btxn_demo_0468,merch_001,24453.42,2026-01-20T02:55:00,pay_demo_0468,Settlement setl_demo_0468,CREDIT,{}
btxn_demo_0469,btxn_demo_0469,merch_001,34894.72,2026-01-29T04:50:00,pay_demo_0469,Settlement setl_demo_0469,CREDIT,{}
btxn_demo_0470,btxn_demo_0470,merch_001,21539.19,2026-01-08T17:17:00,pay_demo_0470,Settlement setl_demo_0470,CREDIT,{}
btxn_demo_0471,btxn_demo_0471,merch_001,28938.89,2026-01-20T17:50:00,pay_demo_0471,Settlement setl_demo_0471,CREDIT,{}
btxn_demo_0472,btxn_demo_0472,merch_001,2392.55,2026-01-22T16:01:00,pay_demo_0472,Settlement setl_demo_0472,CREDIT,{}
btxn_demo_0473,btxn_demo_0473,merch_001,133.73,2026-02-01T15:12:00,pay_demo_0473,Settlement setl_demo_0473,CREDIT,{}
btxn_demo_0474,btxn_demo_0474,merch_001,43733.73,2026-01-30T10:05:00,pay_demo_0474,Settlement setl_demo_0474,CREDIT,{}
btxn_demo_0475,btxn_demo_0475,merch_001,33258.99,2026-01-22T07:03:00,pay_demo_0475,Settlement setl_demo_0475,CREDIT,{}
btxn_demo_0476,btxn_demo_0476,merch_001,35002.12,2026-01-09T15:41:00,pay_demo_0476,Settlement setl_demo_0476,CREDIT,{}
btxn_demo_0477,btxn_demo_0477,merch_001,23892.65,2026-01-06T20:14:00,pay_demo_0477,Settlement setl_demo_0477,CREDIT,{}
btxn_demo_0478,btxn_demo_0478,merch_001,502.32,2026-01-12T05:55:00,pay_demo_0478,Settlement setl_demo_0478,CREDIT,{}
btxn_demo_0479,btxn_demo_0479,merch_001,11524.45,2026-01-05T01:51:00,pay_demo_0479,Settlement setl_demo_0479,CREDIT,{}
btxn_demo_0480,btxn_demo_0480,merch_001,44061.35,2026-01-06T14:49:00,pay_demo_0480,Settlement setl_demo_0480,CREDIT,{}
btxn_demo_0480_ambig,btxn_demo_0480_ambig,merch_001,44061.35,2026-01-06T14:49:00,pay_demo_0480,Settlement setl_demo_0480,CREDIT,{}
btxn_demo_0481,btxn_demo_0481,merch_001,7228.37,2026-01-18T20:00:00,pay_demo_0481,Settlement setl_demo_0481,CREDIT,{}
btxn_demo_0483,btxn_demo_0483,merch_001,43012.13,2026-01-04T05:08:00,pay_demo_0483,Settlement setl_demo_0483,CREDIT,{}
btxn_demo_0484,btxn_demo_0484,merch_001,17641.63,2026-01-15T12:50:00,pay_demo_0484,Settlement setl_demo_0484,CREDIT,{}
btxn_demo_0485,btxn_demo_0485,merch_001,4304.01,2026-01-19T21:38:00,wrong_pay_demo_0485,Settlement setl_demo_0485,CREDIT,{}
btxn_demo_0486,btxn_demo_0486,merch_001,32954.43,2026-01-11T08:33:00,pay_demo_0486,Settlement setl_demo_0486,CREDIT,{}
btxn_demo_0487,btxn_demo_0487,merch_001,14847.55,2026-01-03T09:31:00,pay_demo_0487,Settlement setl_demo_0487,CREDIT,{}
btxn_demo_0490,btxn_demo_0490,merch_001,38160.02,2026-02-01T04:01:00,pay_demo_0490,Settlement setl_demo_0490,CREDIT,{}
btxn_demo_0492,btxn_demo_0492,merch_001,38378.79,2026-01-16T00:25:00,pay_demo_0492,Settlement setl_demo_0492,CREDIT,{}
btxn_demo_0494,btxn_demo_0494,merch_001,48718.24,2026-01-06T19:20:00,pay_demo_0494,Settlement setl_demo_0494,CREDIT,{}
btxn_demo_0496,btxn_demo_0496,merch_001,42338.76,2026-01-03T09:05:00,pay_demo_0496,Settlement setl_demo_0496,CREDIT,{}
btxn_demo_0497,btxn_demo_0497,merch_001,30480.74,2026-01-11T23:47:00,pay_demo_0497,Settlement setl_demo_0497,CREDIT,{}
btxn_demo_0498,btxn_demo_0498,merch_001,6946.87,2026-01-02T07:31:00,pay_demo_0498,Settlement setl_demo_0498,CREDIT,{}
btxn_demo_0499,btxn_demo_0499,merch_001,41143.09,2026-01-10T07:23:00,pay_demo_0499,Settlement setl_demo_0499,CREDIT,{}
btxn_demo_0500,btxn_demo_0500,merch_001,5991.03,2026-01-30T02:21:00,pay_demo_0500,Settlement setl_demo_0500,CREDIT,{}
btxn_demo_0501,btxn_demo_0501,merch_001,13221.19,2026-01-20T22:04:00,pay_demo_0501,Settlement setl_demo_0501,CREDIT,{}
btxn_demo_0502,btxn_demo_0502,merch_001,2866.41,2026-01-29T20:10:00,pay_demo_0502,Settlement setl_demo_0502,CREDIT,{}
btxn_demo_0503,btxn_demo_0503,merch_001,5234.96,2026-01-20T23:46:00,pay_demo_0503,Settlement setl_demo_0503,CREDIT,{}
btxn_demo_0504,btxn_demo_0504,merch_001,228.17,2026-01-29T02:15:00,pay_demo_0504,Settlement setl_demo_0504,CREDIT,{}
btxn_demo_0505,btxn_demo_0505,merch_001,46019.3,2026-01-07T03:35:00,pay_demo_0505,Settlement setl_demo_0505,CREDIT,{}
btxn_demo_0506,btxn_demo_0506,merch_001,20871.2,2026-01-25T12:17:00,pay_demo_0506,Settlement setl_demo_0506,CREDIT,{}
btxn_demo_0507,btxn_demo_0507,merch_001,25151.84,2026-01-30T03:11:00,pay_demo_0507,Settlement setl_demo_0507,CREDIT,{}
btxn_demo_0507_ambig,btxn_demo_0507_ambig,merch_001,25151.84,2026-01-30T03:11:00,pay_demo_0507,Settlement setl_demo_0507,CREDIT,{}
btxn_demo_0508,btxn_demo_0508,merch_001,47708.56,2026-01-04T16:55:00,pay_demo_0508,Settlement setl_demo_0508,CREDIT,{}
btxn_demo_0509,btxn_demo_0509,merch_001,27699.26,2026-01-02T13:12:00,pay_demo_0509,Settlement setl_demo_0509,CREDIT,{}
btxn_demo_0510,btxn_demo_0510,merch_001,37004.84,2026-01-09T16:23:00,pay_demo_0510,Settlement setl_demo_0510,CREDIT,{}
btxn_demo_0511,btxn_demo_0511,merch_001,27373.31,2026-01-27T09:09:00,pay_demo_0511,Settlement setl_demo_0511,CREDIT,{}
btxn_demo_0512,btxn_demo_0512,merch_001,27123.11,2026-01-23T00:56:00,pay_demo_0512,Settlement setl_demo_0512,CREDIT,{}
btxn_demo_0513,btxn_demo_0513,merch_001,32899.46,2026-01-30T01:46:00,pay_demo_0513,Settlement setl_demo_0513,CREDIT,{}
btxn_demo_0514,btxn_demo_0514,merch_001,49157.48,2026-01-15T17:03:00,pay_demo_0514,Settlement setl_demo_0514,CREDIT,{}
btxn_demo_0515,btxn_demo_0515,merch_001,46071.59,2026-01-30T18:26:00,pay_demo_0515,Settlement setl_demo_0515,CREDIT,{}
btxn_demo_0515_ambig,btxn_demo_0515_ambig,merch_001,46071.59,2026-01-30T18:26:00,pay_demo_0515,Settlement setl_demo_0515,CREDIT,{}
btxn_demo_0516,btxn_demo_0516,merch_001,4336.63,2026-01-05T18:08:00,pay_demo_0516,Settlement setl_demo_0516,CREDIT,{}
btxn_demo_0517,btxn_demo_0517,merch_001,3207.91,2026-01-23T06:15:00,wrong_pay_demo_0517,Settlement setl_demo_0517,CREDIT,{}
btxn_demo_0518,btxn_demo_0518,merch_001,46309.49,2026-01-15T00:53:00,pay_demo_0518,Settlement setl_demo_0518,CREDIT,{}
btxn_demo_0519,btxn_demo_0519,merch_001,11757.2,2026-02-01T08:08:00,pay_demo_0519,Settlement setl_demo_0519,CREDIT,{}
btxn_demo_0520,btxn_demo_0520,merch_001,22533.38,2026-01-12T15:07:00,pay_demo_0520,Settlement setl_demo_0520,CREDIT,{}
btxn_demo_0520_ambig,btxn_demo_0520_ambig,merch_001,22533.38,2026-01-12T15:07:00,pay_demo_0520,Settlement setl_demo_0520,CREDIT,{}
btxn_demo_0521,btxn_demo_0521,merch_001,10461.05,2026-01-11T16:16:00,pay_demo_0521,Settlement setl_demo_0521,CREDIT,{}
btxn_demo_0522,btxn_demo_0522,merch_001,33647.46,2026-01-29T00:44:00,pay_demo_0522,Settlement setl_demo_0522,CREDIT,{}
btxn_demo_0523,btxn_demo_0523,merch_001,16456.9,2026-01-05T00:15:00,pay_demo_0523,Settlement setl_demo_0523,CREDIT,{}
btxn_demo_0524,btxn_demo_0524,merch_001,33891.45,2026-01-10T07:01:00,pay_demo_0524,Settlement setl_demo_0524,CREDIT,{}
btxn_demo_0525,btxn_demo_0525,merch_001,27551.03,2026-01-05T16:06:00,pay_demo_0525,Settlement setl_demo_0525,CREDIT,{}
btxn_demo_0527,btxn_demo_0527,merch_001,46884.99,2026-01-04T20:37:00,pay_demo_0527,Settlement setl_demo_0527,CREDIT,{}
btxn_demo_0528,btxn_demo_0528,merch_001,3317.15,2026-01-30T22:28:00,pay_demo_0528,Settlement setl_demo_0528,CREDIT,{}
btxn_demo_0529,btxn_demo_0529,merch_001,41484.87,2026-01-12T05:02:00,pay_demo_0529,Settlement setl_demo_0529,CREDIT,{}
btxn_demo_0530,btxn_demo_0530,merch_001,28736.82,2026-01-29T01:25:00,pay_demo_0530,Settlement setl_demo_0530,CREDIT,{}
btxn_demo_0531,btxn_demo_0531,merch_001,21390.53,2026-01-13T08:58:00,pay_demo_0531,Settlement setl_demo_0531,CREDIT,{}
btxn_demo_0532,btxn_demo_0532,merch_001,44182.85,2026-01-03T21:39:00,pay_demo_0532,Settlement setl_demo_0532,CREDIT,{}
btxn_demo_0533,btxn_demo_0533,merch_001,20658.41,2026-01-19T17:03:00,pay_demo_0533,Settlement setl_demo_0533,CREDIT,{}
btxn_demo_0534,btxn_demo_0534,merch_001,21019.82,2026-01-22T18:15:00,pay_demo_0534,Settlement setl_demo_0534,CREDIT,{}
btxn_demo_0534_ambig,btxn_demo_0534_ambig,merch_001,21019.82,2026-01-22T18:15:00,pay_demo_0534,Settlement setl_demo_0534,CREDIT,{}
btxn_demo_0536,btxn_demo_0536,merch_001,25169.42,2026-01-14T10:11:00,pay_demo_0536,Settlement setl_demo_0536,CREDIT,{}
btxn_demo_0537,btxn_demo_0537,merch_001,1562.24,2026-01-27T10:03:00,pay_demo_0537,Settlement setl_demo_0537,CREDIT,{}
btxn_demo_0538,btxn_demo_0538,merch_001,29241.05,2026-01-09T07:06:00,pay_demo_0538,Settlement setl_demo_0538,CREDIT,{}
btxn_demo_0539,btxn_demo_0539,merch_001,26731.11,2026-01-28T01:03:00,wrong_pay_demo_0539,Settlement setl_demo_0539,CREDIT,{}
btxn_demo_0540,btxn_demo_0540,merch_001,39889.8,2026-01-13T07:11:00,pay_demo_0540,Settlement setl_demo_0540,CREDIT,{}
btxn_demo_0541,btxn_demo_0541,merch_001,36931.44,2026-01-13T20:01:00,pay_demo_0541,Settlement setl_demo_0541,CREDIT,{}
btxn_demo_0542,btxn_demo_0542,merch_001,28199.13,2026-01-08T17:34:00,pay_demo_0542,Settlement setl_demo_0542,CREDIT,{}
btxn_demo_0543,btxn_demo_0543,merch_001,4603.84,2026-01-09T21:14:00,pay_demo_0543,Settlement setl_demo_0543,CREDIT,{}
btxn_demo_0545,btxn_demo_0545,merch_001,45947.16,2026-01-29T12:03:00,pay_demo_0545,Settlement setl_demo_0545,CREDIT,{}
btxn_demo_0546,btxn_demo_0546,merch_001,45869.48,2026-01-26T05:54:00,pay_demo_0546,Settlement setl_demo_0546,CREDIT,{}
btxn_demo_0546_ambig,btxn_demo_0546_ambig,merch_001,45869.48,2026-01-26T05:54:00,pay_demo_0546,Settlement setl_demo_0546,CREDIT,{}
btxn_demo_0547,btxn_demo_0547,merch_001,18742.18,2026-02-01T23:25:00,pay_demo_0547,Settlement setl_demo_0547,CREDIT,{}
btxn_demo_0548,btxn_demo_0548,merch_001,6908.94,2026-01-08T01:27:00,pay_demo_0548,Settlement setl_demo_0548,CREDIT,{}
btxn_demo_0550,btxn_demo_0550,merch_001,40741.27,2026-01-14T11:46:00,pay_demo_0550,Settlement setl_demo_0550,CREDIT,{}
btxn_demo_0551,btxn_demo_0551,merch_001,189.72,2026-01-24T20:25:00,pay_demo_0551,Settlement setl_demo_0551,CREDIT,{}
btxn_demo_0552,btxn_demo_0552,merch_001,46059.81,2026-02-01T21:14:00,pay_demo_0552,Settlement setl_demo_0552,CREDIT,{}
btxn_demo_0553,btxn_demo_0553,merch_001,37292.63,2026-01-09T13:20:00,pay_demo_0553,Settlement setl_demo_0553,CREDIT,{}
btxn_demo_0554,btxn_demo_0554,merch_001,4527.43,2026-01-24T23:40:00,pay_demo_0554,Settlement setl_demo_0554,CREDIT,{}
btxn_demo_0556,btxn_demo_0556,merch_001,2502.56,2026-01-17T01:26:00,pay_demo_0556,Settlement setl_demo_0556,CREDIT,{}
btxn_demo_0558,btxn_demo_0558,merch_001,34389.3,2026-01-07T16:04:00,pay_demo_0558,Settlement setl_demo_0558,CREDIT,{}
btxn_demo_0559,btxn_demo_0559,merch_001,13130.27,2026-01-05T04:21:00,pay_demo_0559,Settlement setl_demo_0559,CREDIT,{}
btxn_demo_0560,btxn_demo_0560,merch_001,3842.62,2026-02-01T04:21:00,pay_demo_0560,Settlement setl_demo_0560,CREDIT,{}
btxn_demo_0561,btxn_demo_0561,merch_001,32716.4,2026-01-21T15:10:00,pay_demo_0561,Settlement setl_demo_0561,CREDIT,{}
btxn_demo_0563,btxn_demo_0563,merch_001,14940.29,2026-01-05T03:25:00,pay_demo_0563,Settlement setl_demo_0563,CREDIT,{}
btxn_demo_0564,btxn_demo_0564,merch_001,290.4,2026-01-04T11:52:00,pay_demo_0564,Settlement setl_demo_0564,CREDIT,{}
btxn_demo_0565,btxn_demo_0565,merch_001,10426.95,2026-01-22T11:05:00,pay_demo_0565,Settlement setl_demo_0565,CREDIT,{}
btxn_demo_0566,btxn_demo_0566,merch_001,19933.62,2026-01-17T23:16:00,pay_demo_0566,Settlement setl_demo_0566,CREDIT,{}
btxn_demo_0567,btxn_demo_0567,merch_001,9325.57,2026-01-30T14:23:00,pay_demo_0567,Settlement setl_demo_0567,CREDIT,{}
btxn_demo_0568,btxn_demo_0568,merch_001,22043.05,2026-01-10T09:53:00,pay_demo_0568,Settlement setl_demo_0568,CREDIT,{}
btxn_demo_0569,btxn_demo_0569,merch_001,37636.53,2026-01-23T05:05:00,pay_demo_0569,Settlement setl_demo_0569,CREDIT,{}
btxn_demo_0570,btxn_demo_0570,merch_001,37847.2,2026-01-09T19:03:00,pay_demo_0570,Settlement setl_demo_0570,CREDIT,{}
btxn_demo_0571,btxn_demo_0571,merch_001,26822.17,2026-01-29T17:36:00,pay_demo_0571,Settlement setl_demo_0571,CREDIT,{}
btxn_demo_0572,btxn_demo_0572,merch_001,19800.74,2026-01-30T00:02:00,pay_demo_0572,Settlement setl_demo_0572,CREDIT,{}
btxn_demo_0573,btxn_demo_0573,merch_001,40042.47,2026-01-23T21:09:00,pay_demo_0573,Settlement setl_demo_0573,CREDIT,{}
btxn_demo_0574,btxn_demo_0574,merch_001,49219.96,2026-01-08T08:08:00,pay_demo_0574,Settlement setl_demo_0574,CREDIT,{}
btxn_demo_0576,btxn_demo_0576,merch_001,45717.28,2026-01-04T04:24:00,pay_demo_0576,Settlement setl_demo_0576,CREDIT,{}
btxn_demo_0577,btxn_demo_0577,merch_001,13882.42,2026-01-16T02:50:00,pay_demo_0577,Settlement setl_demo_0577,CREDIT,{}
btxn_demo_0578,btxn_demo_0578,merch_001,7567.15,2026-01-20T20:37:00,pay_demo_0578,Settlement setl_demo_0578,CREDIT,{}
btxn_demo_0579,btxn_demo_0579,merch_001,5139.42,2026-01-11T19:56:00,pay_demo_0579,Settlement setl_demo_0579,CREDIT,{}
btxn_demo_0580,btxn_demo_0580,merch_001,32773.9,2026-01-20T21:30:00,pay_demo_0580,Settlement setl_demo_0580,CREDIT,{}
btxn_demo_0581,btxn_demo_0581,merch_001,7278.25,2026-01-21T23:44:00,pay_demo_0581,Settlement setl_demo_0581,CREDIT,{}
btxn_demo_0582,btxn_demo_0582,merch_001,43959.99,2026-01-24T09:03:00,pay_demo_0582,Settlement setl_demo_0582,CREDIT,{}
btxn_demo_0583,btxn_demo_0583,merch_001,1109.62,2026-01-28T11:19:00,wrong_pay_demo_0583,Settlement setl_demo_0583,CREDIT,{}
btxn_demo_0584,btxn_demo_0584,merch_001,34274.12,2026-01-29T09:08:00,pay_demo_0584,Settlement setl_demo_0584,CREDIT,{}
btxn_demo_0585,btxn_demo_0585,merch_001,16111.33,2026-01-25T15:38:00,pay_demo_0585,Settlement setl_demo_0585,CREDIT,{}
btxn_demo_0586,btxn_demo_0586,merch_001,44766.69,2026-01-16T01:31:00,pay_demo_0586,Settlement setl_demo_0586,CREDIT,{}
btxn_demo_0587,btxn_demo_0587,merch_001,25811.96,2026-01-07T04:19:00,pay_demo_0587,Settlement setl_demo_0587,CREDIT,{}
btxn_demo_0588,btxn_demo_0588,merch_001,42579.64,2026-01-30T20:01:00,wrong_pay_demo_0588,Settlement setl_demo_0588,CREDIT,{}
btxn_demo_0590,btxn_demo_0590,merch_001,35261.23,2026-01-10T13:52:00,pay_demo_0590,Settlement setl_demo_0590,CREDIT,{}
btxn_demo_0591,btxn_demo_0591,merch_001,46161.37,2026-01-23T02:15:00,pay_demo_0591,Settlement setl_demo_0591,CREDIT,{}
btxn_demo_0592,btxn_demo_0592,merch_001,8961.43,2026-01-29T17:37:00,pay_demo_0592,Settlement setl_demo_0592,CREDIT,{}
btxn_demo_0593,btxn_demo_0593,merch_001,44735.15,2026-01-26T00:05:00,pay_demo_0593,Settlement setl_demo_0593,CREDIT,{}
btxn_demo_0594,btxn_demo_0594,merch_001,8229.08,2026-01-20T08:54:00,pay_demo_0594,Settlement setl_demo_0594,CREDIT,{}
btxn_demo_0595,btxn_demo_0595,merch_001,10415.88,2026-01-22T15:32:00,pay_demo_0595,Settlement setl_demo_0595,CREDIT,{}
btxn_demo_0596,btxn_demo_0596,merch_001,45584.62,2026-01-22T07:38:00,pay_demo_0596,Settlement setl_demo_0596,CREDIT,{}
btxn_demo_0597,btxn_demo_0597,merch_001,40273.77,2026-01-12T00:45:00,pay_demo_0597,Settlement setl_demo_0597,CREDIT,{}
btxn_demo_0599,btxn_demo_0599,merch_001,41233.11,2026-01-14T20:06:00,pay_demo_0599,Settlement setl_demo_0599,CREDIT,{}
btxn_demo_0599_ambig,btxn_demo_0599_ambig,merch_001,41233.11,2026-01-14T20:06:00,pay_demo_0599,Settlement setl_demo_0599,CREDIT,{}
btxn_demo_0601,btxn_demo_0601,merch_001,24138.75,2026-01-12T10:40:00,pay_demo_0601,Settlement setl_demo_0601,CREDIT,{}
btxn_demo_0602,btxn_demo_0602,merch_001,35583.58,2026-01-30T22:19:00,pay_demo_0602,Settlement setl_demo_0602,CREDIT,{}
btxn_demo_0603,btxn_demo_0603,merch_001,12091.07,2026-01-03T21:25:00,pay_demo_0603,Settlement setl_demo_0603,CREDIT,{}
btxn_demo_0604,btxn_demo_0604,merch_001,1370.22,2026-01-17T11:16:00,pay_demo_0604,Settlement setl_demo_0604,CREDIT,{}
btxn_demo_0606,btxn_demo_0606,merch_001,11195.92,2026-01-19T22:50:00,pay_demo_0606,Settlement setl_demo_0606,CREDIT,{}
btxn_demo_0607,btxn_demo_0607,merch_001,15079.72,2026-01-07T23:56:00,pay_demo_0607,Settlement setl_demo_0607,CREDIT,{}
btxn_demo_0608,btxn_demo_0608,merch_001,6484.41,2026-01-11T01:51:00,pay_demo_0608,Settlement setl_demo_0608,CREDIT,{}
btxn_demo_0609,btxn_demo_0609,merch_001,32756.29,2026-01-09T13:14:00,pay_demo_0609,Settlement setl_demo_0609,CREDIT,{}
btxn_demo_0610,btxn_demo_0610,merch_001,16632.73,2026-01-10T20:18:00,pay_demo_0610,Settlement setl_demo_0610,CREDIT,{}
btxn_demo_0611,btxn_demo_0611,merch_001,43333.03,2026-01-20T20:39:00,pay_demo_0611,Settlement setl_demo_0611,CREDIT,{}
btxn_demo_0612,btxn_demo_0612,merch_001,25073.82,2026-01-29T23:24:00,pay_demo_0612,Settlement setl_demo_0612,CREDIT,{}
btxn_demo_0613,btxn_demo_0613,merch_001,43555.37,2026-01-06T06:12:00,pay_demo_0613,Settlement setl_demo_0613,CREDIT,{}
btxn_demo_0613_ambig,btxn_demo_0613_ambig,merch_001,43555.37,2026-01-06T06:12:00,pay_demo_0613,Settlement setl_demo_0613,CREDIT,{}
btxn_demo_0614,btxn_demo_0614,merch_001,44652.97,2026-01-16T06:20:00,pay_demo_0614,Settlement setl_demo_0614,CREDIT,{}
btxn_demo_0615,btxn_demo_0615,merch_001,31588.54,2026-01-07T12:40:00,pay_demo_0615,Settlement setl_demo_0615,CREDIT,{}
btxn_demo_0616,btxn_demo_0616,merch_001,10548.18,2026-01-26T07:36:00,pay_demo_0616,Settlement setl_demo_0616,CREDIT,{}
btxn_demo_0617,btxn_demo_0617,merch_001,39009.65,2026-01-06T21:27:00,pay_demo_0617,Settlement setl_demo_0617,CREDIT,{}
btxn_demo_0619,btxn_demo_0619,merch_001,44611.12,2026-01-26T18:12:00,pay_demo_0619,Settlement setl_demo_0619,CREDIT,{}
btxn_demo_0620,btxn_demo_0620,merch_001,36706.8,2026-01-10T00:56:00,pay_demo_0620,Settlement setl_demo_0620,CREDIT,{}
btxn_demo_0621,btxn_demo_0621,merch_001,19239.17,2026-01-20T11:10:00,pay_demo_0621,Settlement setl_demo_0621,CREDIT,{}
btxn_demo_0622,btxn_demo_0622,merch_001,14612.31,2026-01-25T18:38:00,pay_demo_0622,Settlement setl_demo_0622,CREDIT,{}
btxn_demo_0623,btxn_demo_0623,merch_001,34370.33,2026-01-06T12:57:00,pay_demo_0623,Settlement setl_demo_0623,CREDIT,{}
btxn_demo_0625,btxn_demo_0625,merch_001,6647.17,2026-01-25T02:37:00,pay_demo_0625,Settlement setl_demo_0625,CREDIT,{}
btxn_demo_0626,btxn_demo_0626,merch_001,35584.39,2026-01-27T03:24:00,pay_demo_0626,Settlement setl_demo_0626,CREDIT,{}
btxn_demo_0630,btxn_demo_0630,merch_001,32494.74,2026-01-10T21:38:00,pay_demo_0630,Settlement setl_demo_0630,CREDIT,{}
btxn_demo_0631,btxn_demo_0631,merch_001,5335.22,2026-01-25T21:07:00,pay_demo_0631,Settlement setl_demo_0631,CREDIT,{}
btxn_demo_0632,btxn_demo_0632,merch_001,24937.18,2026-01-21T08:49:00,pay_demo_0632,Settlement setl_demo_0632,CREDIT,{}
btxn_demo_0632_ambig,btxn_demo_0632_ambig,merch_001,24937.18,2026-01-21T08:49:00,pay_demo_0632,Settlement setl_demo_0632,CREDIT,{}
btxn_demo_0633,btxn_demo_0633,merch_001,17960.3,2026-01-15T11:10:00,pay_demo_0633,Settlement setl_demo_0633,CREDIT,{}
btxn_demo_0634,btxn_demo_0634,merch_001,10463.93,2026-01-31T17:21:00,pay_demo_0634,Settlement setl_demo_0634,CREDIT,{}
btxn_demo_0636,btxn_demo_0636,merch_001,38998.36,2026-01-05T01:46:00,pay_demo_0636,Settlement setl_demo_0636,CREDIT,{}
btxn_demo_0637,btxn_demo_0637,merch_001,22434.05,2026-01-11T10:29:00,pay_demo_0637,Settlement setl_demo_0637,CREDIT,{}
btxn_demo_0638,btxn_demo_0638,merch_001,43719.61,2026-01-29T11:23:00,pay_demo_0638,Settlement setl_demo_0638,CREDIT,{}
btxn_demo_0639,btxn_demo_0639,merch_001,4840.42,2026-01-26T03:00:00,pay_demo_0639,Settlement setl_demo_0639,CREDIT,{}
btxn_demo_0640,btxn_demo_0640,merch_001,16500.18,2026-01-30T16:39:00,pay_demo_0640,Settlement setl_demo_0640,CREDIT,{}
btxn_demo_0641,btxn_demo_0641,merch_001,16857.82,2026-01-05T14:25:00,pay_demo_0641,Settlement setl_demo_0641,CREDIT,{}
btxn_demo_0642,btxn_demo_0642,merch_001,34526.13,2026-01-17T15:41:00,pay_demo_0642,Settlement setl_demo_0642,CREDIT,{}
btxn_demo_0643,btxn_demo_0643,merch_001,36347.91,2026-02-01T07:06:00,pay_demo_0643,Settlement setl_demo_0643,CREDIT,{}
btxn_demo_0644,btxn_demo_0644,merch_001,28490.28,2026-01-16T07:39:00,pay_demo_0644,Settlement setl_demo_0644,CREDIT,{}
btxn_demo_0647,btxn_demo_0647,merch_001,716.77,2026-01-29T23:33:00,wrong_pay_demo_0647,Settlement setl_demo_0647,CREDIT,{}
btxn_demo_0649,btxn_demo_0649,merch_001,12253.91,2026-01-13T23:43:00,pay_demo_0649,Settlement setl_demo_0649,CREDIT,{}
btxn_demo_0650,btxn_demo_0650,merch_001,27961.38,2026-01-21T03:00:00,wrong_pay_demo_0650,Settlement setl_demo_0650,CREDIT,{}
btxn_demo_0651,btxn_demo_0651,merch_001,42608.37,2026-01-29T07:04:00,pay_demo_0651,Settlement setl_demo_0651,CREDIT,{}
btxn_demo_0652,btxn_demo_0652,merch_001,47540.04,2026-01-03T18:14:00,pay_demo_0652,Settlement setl_demo_0652,CREDIT,{}
btxn_demo_0653,btxn_demo_0653,merch_001,4033.65,2026-01-16T20:28:00,pay_demo_0653,Settlement setl_demo_0653,CREDIT,{}
btxn_demo_0654,btxn_demo_0654,merch_001,6023.47,2026-01-18T01:41:00,pay_demo_0654,Settlement setl_demo_0654,CREDIT,{}
btxn_demo_0655,btxn_demo_0655,merch_001,1888.01,2026-01-19T02:52:00,pay_demo_0655,Settlement setl_demo_0655,CREDIT,{}
btxn_demo_0655_ambig,btxn_demo_0655_ambig,merch_001,1888.01,2026-01-19T02:52:00,pay_demo_0655,Settlement setl_demo_0655,CREDIT,{}
btxn_demo_0657,btxn_demo_0657,merch_001,47522.72,2026-01-13T03:52:00,pay_demo_0657,Settlement setl_demo_0657,CREDIT,{}
btxn_demo_0658,btxn_demo_0658,merch_001,38394.08,2026-01-21T17:45:00,pay_demo_0658,Settlement setl_demo_0658,CREDIT,{}
btxn_demo_0659,btxn_demo_0659,merch_001,37990.07,2026-01-09T02:21:00,pay_demo_0659,Settlement setl_demo_0659,CREDIT,{}
btxn_demo_0659_ambig,btxn_demo_0659_ambig,merch_001,37990.07,2026-01-09T02:21:00,pay_demo_0659,Settlement setl_demo_0659,CREDIT,{}
btxn_demo_0660,btxn_demo_0660,merch_001,14669.98,2026-01-18T13:44:00,pay_demo_0660,Settlement setl_demo_0660,CREDIT,{}
btxn_demo_0661,btxn_demo_0661,merch_001,24671.86,2026-01-29T00:47:00,pay_demo_0661,Settlement setl_demo_0661,CREDIT,{}
btxn_demo_0663,btxn_demo_0663,merch_001,5477.51,2026-01-15T03:59:00,pay_demo_0663,Settlement setl_demo_0663,CREDIT,{}
btxn_demo_0664,btxn_demo_0664,merch_001,29506.88,2026-01-18T06:31:00,pay_demo_0664,Settlement setl_demo_0664,CREDIT,{}
btxn_demo_0666,btxn_demo_0666,merch_001,8765.15,2026-01-28T06:06:00,pay_demo_0666,Settlement setl_demo_0666,CREDIT,{}
btxn_demo_0667,btxn_demo_0667,merch_001,44146.52,2026-01-18T14:26:00,pay_demo_0667,Settlement setl_demo_0667,CREDIT,{}
btxn_demo_0668,btxn_demo_0668,merch_001,17208.65,2026-01-11T16:51:00,pay_demo_0668,Settlement setl_demo_0668,CREDIT,{}
btxn_demo_0671,btxn_demo_0671,merch_001,34361.9,2026-01-31T23:08:00,pay_demo_0671,Settlement setl_demo_0671,CREDIT,{}
btxn_demo_0672,btxn_demo_0672,merch_001,31880.18,2026-01-24T05:48:00,pay_demo_0672,Settlement setl_demo_0672,CREDIT,{}
btxn_demo_0673,btxn_demo_0673,merch_001,28574.85,2026-01-24T00:26:00,wrong_pay_demo_0673,Settlement setl_demo_0673,CREDIT,{}
btxn_demo_0674,btxn_demo_0674,merch_001,21177.08,2026-01-02T18:06:00,pay_demo_0674,Settlement setl_demo_0674,CREDIT,{}
btxn_demo_0676,btxn_demo_0676,merch_001,7406.78,2026-01-04T00:50:00,pay_demo_0676,Settlement setl_demo_0676,CREDIT,{}
btxn_demo_0677,btxn_demo_0677,merch_001,1712.09,2026-01-28T16:06:00,pay_demo_0677,Settlement setl_demo_0677,CREDIT,{}
btxn_demo_0678,btxn_demo_0678,merch_001,11956.01,2026-01-28T00:18:00,pay_demo_0678,Settlement setl_demo_0678,CREDIT,{}
btxn_demo_0679,btxn_demo_0679,merch_001,47839.43,2026-01-23T12:35:00,pay_demo_0679,Settlement setl_demo_0679,CREDIT,{}
btxn_demo_0681,btxn_demo_0681,merch_001,32416.86,2026-01-26T20:34:00,pay_demo_0681,Settlement setl_demo_0681,CREDIT,{}
btxn_demo_0682,btxn_demo_0682,merch_001,8953.55,2026-01-23T04:11:00,pay_demo_0682,Settlement setl_demo_0682,CREDIT,{}
btxn_demo_0683,btxn_demo_0683,merch_001,2127.65,2026-01-10T19:16:00,pay_demo_0683,Settlement setl_demo_0683,CREDIT,{}
btxn_demo_0684,btxn_demo_0684,merch_001,12825.31,2026-01-12T16:45:00,pay_demo_0684,Settlement setl_demo_0684,CREDIT,{}
btxn_demo_0685,btxn_demo_0685,merch_001,16199.24,2026-01-03T22:39:00,pay_demo_0685,Settlement setl_demo_0685,CREDIT,{}
btxn_demo_0687,btxn_demo_0687,merch_001,26078.25,2026-01-27T18:10:00,pay_demo_0687,Settlement setl_demo_0687,CREDIT,{}
btxn_demo_0688,btxn_demo_0688,merch_001,4688.08,2026-01-09T08:42:00,pay_demo_0688,Settlement setl_demo_0688,CREDIT,{}
btxn_demo_0689,btxn_demo_0689,merch_001,10780.41,2026-01-26T21:33:00,pay_demo_0689,Settlement setl_demo_0689,CREDIT,{}
btxn_demo_0690,btxn_demo_0690,merch_001,49058.55,2026-01-02T05:42:00,pay_demo_0690,Settlement setl_demo_0690,CREDIT,{}
btxn_demo_0691,btxn_demo_0691,merch_001,32148.99,2026-01-31T21:15:00,pay_demo_0691,Settlement setl_demo_0691,CREDIT,{}
btxn_demo_0693,btxn_demo_0693,merch_001,1332.82,2026-01-18T13:32:00,pay_demo_0693,Settlement setl_demo_0693,CREDIT,{}
btxn_demo_0695,btxn_demo_0695,merch_001,8453.0,2026-02-01T19:34:00,pay_demo_0695,Settlement setl_demo_0695,CREDIT,{}
btxn_demo_0696,btxn_demo_0696,merch_001,33549.72,2026-01-26T08:55:00,pay_demo_0696,Settlement setl_demo_0696,CREDIT,{}
btxn_demo_0697,btxn_demo_0697,merch_001,40625.47,2026-01-31T01:49:00,pay_demo_0697,Settlement setl_demo_0697,CREDIT,{}
btxn_demo_0698,btxn_demo_0698,merch_001,3698.81,2026-01-23T06:01:00,pay_demo_0698,Settlement setl_demo_0698,CREDIT,{}
btxn_demo_0699,btxn_demo_0699,merch_001,3679.98,2026-01-07T10:35:00,pay_demo_0699,Settlement setl_demo_0699,CREDIT,{}
btxn_demo_0700,btxn_demo_0700,merch_001,45558.23,2026-01-15T14:28:00,pay_demo_0700,Settlement setl_demo_0700,CREDIT,{}
btxn_demo_0701,btxn_demo_0701,merch_001,19536.14,2026-01-05T19:00:00,pay_demo_0701,Settlement setl_demo_0701,CREDIT,{}
btxn_demo_0702,btxn_demo_0702,merch_001,42427.74,2026-01-13T18:06:00,pay_demo_0702,Settlement setl_demo_0702,CREDIT,{}
btxn_demo_0703,btxn_demo_0703,merch_001,4416.61,2026-01-26T16:24:00,pay_demo_0703,Settlement setl_demo_0703,CREDIT,{}
btxn_demo_0704,btxn_demo_0704,merch_001,7900.54,2026-01-09T06:47:00,pay_demo_0704,Settlement setl_demo_0704,CREDIT,{}
btxn_demo_0705,btxn_demo_0705,merch_001,31738.88,2026-01-11T23:56:00,pay_demo_0705,Settlement setl_demo_0705,CREDIT,{}
btxn_demo_0706,btxn_demo_0706,merch_001,27797.98,2026-01-05T03:00:00,pay_demo_0706,Settlement setl_demo_0706,CREDIT,{}
btxn_demo_0707,btxn_demo_0707,merch_001,4347.83,2026-01-09T01:47:00,pay_demo_0707,Settlement setl_demo_0707,CREDIT,{}
btxn_demo_0708,btxn_demo_0708,merch_001,32331.98,2026-01-18T06:10:00,pay_demo_0708,Settlement setl_demo_0708,CREDIT,{}
btxn_demo_0709,btxn_demo_0709,merch_001,12711.81,2026-01-05T07:42:00,pay_demo_0709,Settlement setl_demo_0709,CREDIT,{}
btxn_demo_0710,btxn_demo_0710,merch_001,27528.26,2026-01-11T23:04:00,pay_demo_0710,Settlement setl_demo_0710,CREDIT,{}
btxn_demo_0712,btxn_demo_0712,merch_001,5092.25,2026-01-21T04:57:00,pay_demo_0712,Settlement setl_demo_0712,CREDIT,{}
btxn_demo_0713,btxn_demo_0713,merch_001,16484.47,2026-01-23T11:44:00,pay_demo_0713,Settlement setl_demo_0713,CREDIT,{}
btxn_demo_0714,btxn_demo_0714,merch_001,40404.22,2026-02-01T15:10:00,pay_demo_0714,Settlement setl_demo_0714,CREDIT,{}
btxn_demo_0715,btxn_demo_0715,merch_001,11154.13,2026-01-25T22:27:00,pay_demo_0715,Settlement setl_demo_0715,CREDIT,{}
btxn_demo_0716,btxn_demo_0716,merch_001,36675.34,2026-01-30T17:29:00,pay_demo_0716,Settlement setl_demo_0716,CREDIT,{}
btxn_demo_0717,btxn_demo_0717,merch_001,24399.87,2026-01-05T07:41:00,wrong_pay_demo_0717,Settlement setl_demo_0717,CREDIT,{}
btxn_demo_0718,btxn_demo_0718,merch_001,7086.08,2026-01-19T08:16:00,pay_demo_0718,Settlement setl_demo_0718,CREDIT,{}
btxn_demo_0719,btxn_demo_0719,merch_001,42494.4,2026-01-22T02:52:00,pay_demo_0719,Settlement setl_demo_0719,CREDIT,{}
btxn_demo_0721,btxn_demo_0721,merch_001,7516.79,2026-01-14T09:57:00,pay_demo_0721,Settlement setl_demo_0721,CREDIT,{}
btxn_demo_0722,btxn_demo_0722,merch_001,25569.56,2026-01-14T13:32:00,pay_demo_0722,Settlement setl_demo_0722,CREDIT,{}
btxn_demo_0723,btxn_demo_0723,merch_001,48203.61,2026-01-21T23:10:00,pay_demo_0723,Settlement setl_demo_0723,CREDIT,{}
btxn_demo_0725,btxn_demo_0725,merch_001,2116.95,2026-01-26T17:14:00,pay_demo_0725,Settlement setl_demo_0725,CREDIT,{}
btxn_demo_0726,btxn_demo_0726,merch_001,2236.14,2026-01-08T18:58:00,pay_demo_0726,Settlement setl_demo_0726,CREDIT,{}
btxn_demo_0728,btxn_demo_0728,merch_001,26116.51,2026-01-28T10:53:00,pay_demo_0728,Settlement setl_demo_0728,CREDIT,{}
btxn_demo_0729,btxn_demo_0729,merch_001,8775.11,2026-01-22T14:23:00,pay_demo_0729,Settlement setl_demo_0729,CREDIT,{}
btxn_demo_0730,btxn_demo_0730,merch_001,48636.44,2026-01-09T18:25:00,pay_demo_0730,Settlement setl_demo_0730,CREDIT,{}
btxn_demo_0731,btxn_demo_0731,merch_001,24157.29,2026-01-21T02:32:00,pay_demo_0731,Settlement setl_demo_0731,CREDIT,{}
btxn_demo_0732,btxn_demo_0732,merch_001,3946.7,2026-01-22T10:13:00,pay_demo_0732,Settlement setl_demo_0732,CREDIT,{}
btxn_demo_0733,btxn_demo_0733,merch_001,29537.99,2026-01-28T05:42:00,pay_demo_0733,Settlement setl_demo_0733,CREDIT,{}
btxn_demo_0734,btxn_demo_0734,merch_001,36040.76,2026-01-17T23:30:00,pay_demo_0734,Settlement setl_demo_0734,CREDIT,{}
btxn_demo_0735,btxn_demo_0735,merch_001,32398.24,2026-01-15T02:15:00,pay_demo_0735,Settlement setl_demo_0735,CREDIT,{}
btxn_demo_0736,btxn_demo_0736,merch_001,8140.34,2026-01-22T18:02:00,pay_demo_0736,Settlement setl_demo_0736,CREDIT,{}
btxn_demo_0737,btxn_demo_0737,merch_001,45207.50,2026-01-18T14:38:00,pay_demo_0737,Settlement setl_demo_0737,CREDIT,{}
btxn_demo_0738,btxn_demo_0738,merch_001,47367.97,2026-01-08T16:38:00,pay_demo_0738,Settlement setl_demo_0738,CREDIT,{}
btxn_demo_0740,btxn_demo_0740,merch_001,13299.58,2026-01-25T23:21:00,pay_demo_0740,Settlement setl_demo_0740,CREDIT,{}
btxn_demo_0741,btxn_demo_0741,merch_001,11567.71,2026-01-14T06:06:00,pay_demo_0741,Settlement setl_demo_0741,CREDIT,{}
btxn_demo_0742,btxn_demo_0742,merch_001,45476.03,2026-01-23T15:52:00,pay_demo_0742,Settlement setl_demo_0742,CREDIT,{}
btxn_demo_0743,btxn_demo_0743,merch_001,23845.87,2026-01-21T21:02:00,pay_demo_0743,Settlement setl_demo_0743,CREDIT,{}
btxn_demo_0744,btxn_demo_0744,merch_001,4750.18,2026-01-23T06:57:00,pay_demo_0744,Settlement setl_demo_0744,CREDIT,{}
btxn_demo_0745,btxn_demo_0745,merch_001,38766.03,2026-01-22T15:33:00,wrong_pay_demo_0745,Settlement setl_demo_0745,CREDIT,{}
btxn_demo_0746,btxn_demo_0746,merch_001,34912.38,2026-01-15T09:51:00,pay_demo_0746,Settlement setl_demo_0746,CREDIT,{}
btxn_demo_0747,btxn_demo_0747,merch_001,40250.59,2026-02-01T00:36:00,pay_demo_0747,Settlement setl_demo_0747,CREDIT,{}
btxn_demo_0748,btxn_demo_0748,merch_001,23909.35,2026-01-09T04:18:00,pay_demo_0748,Settlement setl_demo_0748,CREDIT,{}
btxn_demo_0749,btxn_demo_0749,merch_001,372.93,2026-01-25T02:36:00,pay_demo_0749,Settlement setl_demo_0749,CREDIT,{}
btxn_demo_0750,btxn_demo_0750,merch_001,18813.99,2026-01-09T00:51:00,pay_demo_0750,Settlement setl_demo_0750,CREDIT,{}
btxn_demo_0751,btxn_demo_0751,merch_001,7823.45,2026-01-22T20:16:00,pay_demo_0751,Settlement setl_demo_0751,CREDIT,{}
btxn_demo_0752,btxn_demo_0752,merch_001,18345.64,2026-01-10T23:25:00,pay_demo_0752,Settlement setl_demo_0752,CREDIT,{}
btxn_demo_0753,btxn_demo_0753,merch_001,27922.38,2026-01-07T13:35:00,pay_demo_0753,Settlement setl_demo_0753,CREDIT,{}
btxn_demo_0753_ambig,btxn_demo_0753_ambig,merch_001,27922.38,2026-01-07T13:35:00,pay_demo_0753,Settlement setl_demo_0753,CREDIT,{}
btxn_demo_0754,btxn_demo_0754,merch_001,28924.79,2026-01-27T00:25:00,pay_demo_0754,Settlement setl_demo_0754,CREDIT,{}
btxn_demo_0755,btxn_demo_0755,merch_001,11565.59,2026-01-28T00:10:00,pay_demo_0755,Settlement setl_demo_0755,CREDIT,{}
btxn_demo_0756,btxn_demo_0756,merch_001,39325.45,2026-01-27T19:39:00,pay_demo_0756,Settlement setl_demo_0756,CREDIT,{}
btxn_demo_0758,btxn_demo_0758,merch_001,21825.33,2026-01-04T10:14:00,pay_demo_0758,Settlement setl_demo_0758,CREDIT,{}
btxn_demo_0760,btxn_demo_0760,merch_001,29913.88,2026-02-01T07:40:00,pay_demo_0760,Settlement setl_demo_0760,CREDIT,{}
btxn_demo_0761,btxn_demo_0761,merch_001,42543.33,2026-01-31T18:18:00,pay_demo_0761,Settlement setl_demo_0761,CREDIT,{}
btxn_demo_0762,btxn_demo_0762,merch_001,25576.34,2026-01-24T09:39:00,pay_demo_0762,Settlement setl_demo_0762,CREDIT,{}
btxn_demo_0763,btxn_demo_0763,merch_001,12038.91,2026-01-02T07:05:00,pay_demo_0763,Settlement setl_demo_0763,CREDIT,{}
btxn_demo_0765,btxn_demo_0765,merch_001,27524.67,2026-01-25T19:58:00,pay_demo_0765,Settlement setl_demo_0765,CREDIT,{}
btxn_demo_0765_ambig,btxn_demo_0765_ambig,merch_001,27524.67,2026-01-25T19:58:00,pay_demo_0765,Settlement setl_demo_0765,CREDIT,{}
btxn_demo_0766,btxn_demo_0766,merch_001,13897.74,2026-01-21T08:29:00,pay_demo_0766,Settlement setl_demo_0766,CREDIT,{}
btxn_demo_0767,btxn_demo_0767,merch_001,8834.24,2026-01-18T05:35:00,pay_demo_0767,Settlement setl_demo_0767,CREDIT,{}
btxn_demo_0768,btxn_demo_0768,merch_001,47356.07,2026-01-27T18:16:00,pay_demo_0768,Settlement setl_demo_0768,CREDIT,{}
btxn_demo_0769,btxn_demo_0769,merch_001,22194.16,2026-01-14T20:30:00,pay_demo_0769,Settlement setl_demo_0769,CREDIT,{}
btxn_demo_0769_ambig,btxn_demo_0769_ambig,merch_001,22194.16,2026-01-14T20:30:00,pay_demo_0769,Settlement setl_demo_0769,CREDIT,{}
btxn_demo_0770,btxn_demo_0770,merch_001,22996.54,2026-01-16T20:55:00,pay_demo_0770,Settlement setl_demo_0770,CREDIT,{}
btxn_demo_0771,btxn_demo_0771,merch_001,3470.96,2026-01-22T09:43:00,pay_demo_0771,Settlement setl_demo_0771,CREDIT,{}
btxn_demo_0772,btxn_demo_0772,merch_001,17719.5,2026-01-19T02:44:00,pay_demo_0772,Settlement setl_demo_0772,CREDIT,{}
btxn_demo_0773,btxn_demo_0773,merch_001,20006.64,2026-01-25T12:04:00,pay_demo_0773,Settlement setl_demo_0773,CREDIT,{}
btxn_demo_0774,btxn_demo_0774,merch_001,11006.45,2026-01-20T10:11:00,pay_demo_0774,Settlement setl_demo_0774,CREDIT,{}
btxn_demo_0775,btxn_demo_0775,merch_001,11583.19,2026-01-09T10:13:00,pay_demo_0775,Settlement setl_demo_0775,CREDIT,{}
btxn_demo_0778,btxn_demo_0778,merch_001,42415.73,2026-01-13T21:20:00,wrong_pay_demo_0778,Settlement setl_demo_0778,CREDIT,{}
btxn_demo_0779,btxn_demo_0779,merch_001,24591.19,2026-01-26T18:17:00,pay_demo_0779,Settlement setl_demo_0779,CREDIT,{}
btxn_demo_0780,btxn_demo_0780,merch_001,6499.47,2026-01-18T15:30:00,pay_demo_0780,Settlement setl_demo_0780,CREDIT,{}
btxn_demo_0781,btxn_demo_0781,merch_001,19746.47,2026-01-23T07:29:00,pay_demo_0781,Settlement setl_demo_0781,CREDIT,{}
btxn_demo_0782,btxn_demo_0782,merch_001,34491.61,2026-01-02T23:13:00,pay_demo_0782,Settlement setl_demo_0782,CREDIT,{}
btxn_demo_0783,btxn_demo_0783,merch_001,18143.96,2026-01-29T10:11:00,pay_demo_0783,Settlement setl_demo_0783,CREDIT,{}
btxn_demo_0784,btxn_demo_0784,merch_001,23620.13,2026-01-21T12:23:00,pay_demo_0784,Settlement setl_demo_0784,CREDIT,{}
btxn_demo_0785,btxn_demo_0785,merch_001,21012.74,2026-01-26T13:23:00,pay_demo_0785,Settlement setl_demo_0785,CREDIT,{}
btxn_demo_0786,btxn_demo_0786,merch_001,28041.07,2026-01-20T23:14:00,pay_demo_0786,Settlement setl_demo_0786,CREDIT,{}
btxn_demo_0787,btxn_demo_0787,merch_001,27811.47,2026-01-29T14:12:00,pay_demo_0787,Settlement setl_demo_0787,CREDIT,{}
btxn_demo_0789,btxn_demo_0789,merch_001,39288.11,2026-01-11T10:35:00,pay_demo_0789,Settlement setl_demo_0789,CREDIT,{}
btxn_demo_0790,btxn_demo_0790,merch_001,8250.76,2026-01-08T10:30:00,pay_demo_0790,Settlement setl_demo_0790,CREDIT,{}
btxn_demo_0791,btxn_demo_0791,merch_001,13062.48,2026-01-13T19:35:00,pay_demo_0791,Settlement setl_demo_0791,CREDIT,{}
btxn_demo_0792,btxn_demo_0792,merch_001,6149.75,2026-01-29T23:38:00,pay_demo_0792,Settlement setl_demo_0792,CREDIT,{}
btxn_demo_0793,btxn_demo_0793,merch_001,32491.63,2026-01-07T11:22:00,pay_demo_0793,Settlement setl_demo_0793,CREDIT,{}
btxn_demo_0794,btxn_demo_0794,merch_001,38759.74,2026-01-16T04:24:00,pay_demo_0794,Settlement setl_demo_0794,CREDIT,{}
btxn_demo_0795,btxn_demo_0795,merch_001,7327.93,2026-01-07T22:51:00,pay_demo_0795,Settlement setl_demo_0795,CREDIT,{}
btxn_demo_0796,btxn_demo_0796,merch_001,28624.71,2026-01-29T04:05:00,pay_demo_0796,Settlement setl_demo_0796,CREDIT,{}
btxn_demo_0797,btxn_demo_0797,merch_001,15912.22,2026-01-12T00:17:00,pay_demo_0797,Settlement setl_demo_0797,CREDIT,{}
btxn_demo_0798,btxn_demo_0798,merch_001,39070.6,2026-02-01T13:47:00,pay_demo_0798,Settlement setl_demo_0798,CREDIT,{}
btxn_demo_0799,btxn_demo_0799,merch_001,9275.92,2026-01-02T06:46:00,pay_demo_0799,Settlement setl_demo_0799,CREDIT,{}
btxn_demo_0800,btxn_demo_0800,merch_001,37219.38,2026-01-25T04:13:00,pay_demo_0800,Settlement setl_demo_0800,CREDIT,{}
btxn_demo_0801,btxn_demo_0801,merch_001,3283.24,2026-01-30T17:35:00,pay_demo_0801,Settlement setl_demo_0801,CREDIT,{}
btxn_demo_0803,btxn_demo_0803,merch_001,44285.02,2026-01-11T09:15:00,pay_demo_0803,Settlement setl_demo_0803,CREDIT,{}
btxn_demo_0804,btxn_demo_0804,merch_001,6650.73,2026-01-28T07:01:00,pay_demo_0804,Settlement setl_demo_0804,CREDIT,{}
btxn_demo_0805,btxn_demo_0805,merch_001,45772.09,2026-01-29T17:29:00,pay_demo_0805,Settlement setl_demo_0805,CREDIT,{}
btxn_demo_0806,btxn_demo_0806,merch_001,6842.23,2026-02-02T00:34:00,pay_demo_0806,Settlement setl_demo_0806,CREDIT,{}
btxn_demo_0807,btxn_demo_0807,merch_001,31589.27,2026-01-22T20:27:00,pay_demo_0807,Settlement setl_demo_0807,CREDIT,{}
btxn_demo_0808,btxn_demo_0808,merch_001,15552.1,2026-01-13T17:34:00,pay_demo_0808,Settlement setl_demo_0808,CREDIT,{}
btxn_demo_0809,btxn_demo_0809,merch_001,18352.59,2026-01-10T06:19:00,pay_demo_0809,Settlement setl_demo_0809,CREDIT,{}
btxn_demo_0810,btxn_demo_0810,merch_001,37938.84,2026-01-06T13:18:00,pay_demo_0810,Settlement setl_demo_0810,CREDIT,{}
btxn_demo_0811,btxn_demo_0811,merch_001,45189.97,2026-02-01T17:19:00,pay_demo_0811,Settlement setl_demo_0811,CREDIT,{}
btxn_demo_0812,btxn_demo_0812,merch_001,29890.49,2026-01-27T02:35:00,pay_demo_0812,Settlement setl_demo_0812,CREDIT,{}
btxn_demo_0813,btxn_demo_0813,merch_001,28071.66,2026-01-14T09:10:00,pay_demo_0813,Settlement setl_demo_0813,CREDIT,{}
btxn_demo_0814,btxn_demo_0814,merch_001,4052.57,2026-01-22T09:33:00,pay_demo_0814,Settlement setl_demo_0814,CREDIT,{}
btxn_demo_0815,btxn_demo_0815,merch_001,26644.02,2026-01-10T15:12:00,pay_demo_0815,Settlement setl_demo_0815,CREDIT,{}
btxn_demo_0816,btxn_demo_0816,merch_001,5606.78,2026-01-16T21:28:00,pay_demo_0816,Settlement setl_demo_0816,CREDIT,{}
btxn_demo_0817,btxn_demo_0817,merch_001,16100.12,2026-01-06T03:34:00,pay_demo_0817,Settlement setl_demo_0817,CREDIT,{}
btxn_demo_0817_ambig,btxn_demo_0817_ambig,merch_001,16100.12,2026-01-06T03:34:00,pay_demo_0817,Settlement setl_demo_0817,CREDIT,{}
btxn_demo_0818,btxn_demo_0818,merch_001,14177.52,2026-01-07T00:28:00,pay_demo_0818,Settlement setl_demo_0818,CREDIT,{}
btxn_demo_0819,btxn_demo_0819,merch_001,834.77,2026-01-08T12:26:00,pay_demo_0819,Settlement setl_demo_0819,CREDIT,{}
btxn_demo_0819_ambig,btxn_demo_0819_ambig,merch_001,834.77,2026-01-08T12:26:00,pay_demo_0819,Settlement setl_demo_0819,CREDIT,{}
btxn_demo_0820,btxn_demo_0820,merch_001,23237.85,2026-01-27T03:21:00,pay_demo_0820,Settlement setl_demo_0820,CREDIT,{}
btxn_demo_0821,btxn_demo_0821,merch_001,38805.08,2026-01-04T19:30:00,pay_demo_0821,Settlement setl_demo_0821,CREDIT,{}
btxn_demo_0822,btxn_demo_0822,merch_001,12578.97,2026-01-14T02:07:00,pay_demo_0822,Settlement setl_demo_0822,CREDIT,{}
btxn_demo_0823,btxn_demo_0823,merch_001,22203.75,2026-01-25T03:12:00,pay_demo_0823,Settlement setl_demo_0823,CREDIT,{}
btxn_demo_0824,btxn_demo_0824,merch_001,49107.58,2026-01-17T14:43:00,pay_demo_0824,Settlement setl_demo_0824,CREDIT,{}
btxn_demo_0825,btxn_demo_0825,merch_001,36439.03,2026-01-25T19:33:00,pay_demo_0825,Settlement setl_demo_0825,CREDIT,{}
btxn_demo_0826,btxn_demo_0826,merch_001,15010.77,2026-01-13T03:55:00,pay_demo_0826,Settlement setl_demo_0826,CREDIT,{}
btxn_demo_0827,btxn_demo_0827,merch_001,21764.67,2026-01-02T07:50:00,pay_demo_0827,Settlement setl_demo_0827,CREDIT,{}
btxn_demo_0828,btxn_demo_0828,merch_001,39478.27,2026-01-02T03:37:00,pay_demo_0828,Settlement setl_demo_0828,CREDIT,{}
btxn_demo_0829,btxn_demo_0829,merch_001,38562.77,2026-01-09T07:31:00,pay_demo_0829,Settlement setl_demo_0829,CREDIT,{}
btxn_demo_0830,btxn_demo_0830,merch_001,46549.35,2026-01-26T22:03:00,pay_demo_0830,Settlement setl_demo_0830,CREDIT,{}
btxn_demo_0831,btxn_demo_0831,merch_001,35096.27,2026-01-27T05:08:00,pay_demo_0831,Settlement setl_demo_0831,CREDIT,{}
btxn_demo_0832,btxn_demo_0832,merch_001,27961.69,2026-01-22T13:51:00,pay_demo_0832,Settlement setl_demo_0832,CREDIT,{}
btxn_demo_0834,btxn_demo_0834,merch_001,27995.34,2026-01-20T00:31:00,pay_demo_0834,Settlement setl_demo_0834,CREDIT,{}
btxn_demo_0835,btxn_demo_0835,merch_001,17448.47,2026-01-25T16:17:00,pay_demo_0835,Settlement setl_demo_0835,CREDIT,{}
btxn_demo_0836,btxn_demo_0836,merch_001,22524.27,2026-01-28T10:34:00,pay_demo_0836,Settlement setl_demo_0836,CREDIT,{}
btxn_demo_0837,btxn_demo_0837,merch_001,31937.5,2026-01-15T01:11:00,wrong_pay_demo_0837,Settlement setl_demo_0837,CREDIT,{}
btxn_demo_0838,btxn_demo_0838,merch_001,38823.23,2026-01-09T12:46:00,pay_demo_0838,Settlement setl_demo_0838,CREDIT,{}
btxn_demo_0838_ambig,btxn_demo_0838_ambig,merch_001,38823.23,2026-01-09T12:46:00,pay_demo_0838,Settlement setl_demo_0838,CREDIT,{}
btxn_demo_0839,btxn_demo_0839,merch_001,40970.58,2026-01-08T18:43:00,pay_demo_0839,Settlement setl_demo_0839,CREDIT,{}
btxn_demo_0840,btxn_demo_0840,merch_001,14228.14,2026-01-15T22:20:00,pay_demo_0840,Settlement setl_demo_0840,CREDIT,{}
btxn_demo_0841,btxn_demo_0841,merch_001,3427.32,2026-01-28T06:11:00,pay_demo_0841,Settlement setl_demo_0841,CREDIT,{}
btxn_demo_0842,btxn_demo_0842,merch_001,9661.67,2026-01-03T20:41:00,pay_demo_0842,Settlement setl_demo_0842,CREDIT,{}
btxn_demo_0843,btxn_demo_0843,merch_001,31236.13,2026-01-20T10:03:00,pay_demo_0843,Settlement setl_demo_0843,CREDIT,{}
btxn_demo_0844,btxn_demo_0844,merch_001,3636.61,2026-01-31T08:41:00,pay_demo_0844,Settlement setl_demo_0844,CREDIT,{}
btxn_demo_0845,btxn_demo_0845,merch_001,31342.30,2026-01-13T19:47:00,pay_demo_0845,Settlement setl_demo_0845,CREDIT,{}
btxn_demo_0846,btxn_demo_0846,merch_001,2948.99,2026-01-21T10:33:00,pay_demo_0846,Settlement setl_demo_0846,CREDIT,{}
btxn_demo_0847,btxn_demo_0847,merch_001,3988.98,2026-01-08T18:06:00,pay_demo_0847,Settlement setl_demo_0847,CREDIT,{}
btxn_demo_0848,btxn_demo_0848,merch_001,9554.07,2026-01-18T23:15:00,pay_demo_0848,Settlement setl_demo_0848,CREDIT,{}
btxn_demo_0849,btxn_demo_0849,merch_001,20817.71,2026-01-05T22:36:00,pay_demo_0849,Settlement setl_demo_0849,CREDIT,{}
btxn_demo_0850,btxn_demo_0850,merch_001,33295.59,2026-01-30T05:10:00,pay_demo_0850,Settlement setl_demo_0850,CREDIT,{}
btxn_demo_0851,btxn_demo_0851,merch_001,16941.89,2026-01-07T19:38:00,pay_demo_0851,Settlement setl_demo_0851,CREDIT,{}
btxn_demo_0852,btxn_demo_0852,merch_001,27549.06,2026-01-12T13:26:00,pay_demo_0852,Settlement setl_demo_0852,CREDIT,{}
btxn_demo_0853,btxn_demo_0853,merch_001,28200.92,2026-01-08T14:49:00,pay_demo_0853,Settlement setl_demo_0853,CREDIT,{}
btxn_demo_0853_ambig,btxn_demo_0853_ambig,merch_001,28200.92,2026-01-08T14:49:00,pay_demo_0853,Settlement setl_demo_0853,CREDIT,{}
btxn_demo_0854,btxn_demo_0854,merch_001,22430.24,2026-01-14T02:46:00,pay_demo_0854,Settlement setl_demo_0854,CREDIT,{}
btxn_demo_0855,btxn_demo_0855,merch_001,25928.71,2026-01-30T11:00:00,pay_demo_0855,Settlement setl_demo_0855,CREDIT,{}
btxn_demo_0856,btxn_demo_0856,merch_001,15813.74,2026-01-27T00:52:00,pay_demo_0856,Settlement setl_demo_0856,CREDIT,{}
btxn_demo_0857,btxn_demo_0857,merch_001,28576.34,2026-01-20T06:06:00,pay_demo_0857,Settlement setl_demo_0857,CREDIT,{}
btxn_demo_0858,btxn_demo_0858,merch_001,6866.44,2026-01-13T20:15:00,pay_demo_0858,Settlement setl_demo_0858,CREDIT,{}
btxn_demo_0860,btxn_demo_0860,merch_001,39665.92,2026-01-07T17:52:00,pay_demo_0860,Settlement setl_demo_0860,CREDIT,{}
btxn_demo_0862,btxn_demo_0862,merch_001,16786.04,2026-01-30T15:26:00,pay_demo_0862,Settlement setl_demo_0862,CREDIT,{}
btxn_demo_0863,btxn_demo_0863,merch_001,42488.96,2026-01-31T02:40:00,pay_demo_0863,Settlement setl_demo_0863,CREDIT,{}
btxn_demo_0865,btxn_demo_0865,merch_001,7744.55,2026-01-24T01:25:00,pay_demo_0865,Settlement setl_demo_0865,CREDIT,{}
btxn_demo_0866,btxn_demo_0866,merch_001,4595.14,2026-01-15T11:50:00,pay_demo_0866,Settlement setl_demo_0866,CREDIT,{}
btxn_demo_0867,btxn_demo_0867,merch_001,4219.0,2026-01-21T01:03:00,pay_demo_0867,Settlement setl_demo_0867,CREDIT,{}
btxn_demo_0868,btxn_demo_0868,merch_001,19986.5,2026-01-16T00:08:00,pay_demo_0868,Settlement setl_demo_0868,CREDIT,{}
btxn_demo_0869,btxn_demo_0869,merch_001,24444.27,2026-01-22T20:12:00,pay_demo_0869,Settlement setl_demo_0869,CREDIT,{}
btxn_demo_0872,btxn_demo_0872,merch_001,38507.1,2026-01-07T13:39:00,pay_demo_0872,Settlement setl_demo_0872,CREDIT,{}
btxn_demo_0873,btxn_demo_0873,merch_001,2339.39,2026-01-28T09:12:00,pay_demo_0873,Settlement setl_demo_0873,CREDIT,{}
btxn_demo_0875,btxn_demo_0875,merch_001,43450.74,2026-01-28T11:00:00,pay_demo_0875,Settlement setl_demo_0875,CREDIT,{}
btxn_demo_0876,btxn_demo_0876,merch_001,23612.4,2026-01-12T08:47:00,pay_demo_0876,Settlement setl_demo_0876,CREDIT,{}
btxn_demo_0877,btxn_demo_0877,merch_001,26210.97,2026-01-10T19:30:00,pay_demo_0877,Settlement setl_demo_0877,CREDIT,{}
btxn_demo_0878,btxn_demo_0878,merch_001,29191.95,2026-01-23T18:02:00,pay_demo_0878,Settlement setl_demo_0878,CREDIT,{}
btxn_demo_0880,btxn_demo_0880,merch_001,515.88,2026-01-14T23:17:00,pay_demo_0880,Settlement setl_demo_0880,CREDIT,{}
btxn_demo_0881,btxn_demo_0881,merch_001,43383.78,2026-01-22T14:14:00,pay_demo_0881,Settlement setl_demo_0881,CREDIT,{}
btxn_demo_0881_ambig,btxn_demo_0881_ambig,merch_001,43383.78,2026-01-22T14:14:00,pay_demo_0881,Settlement setl_demo_0881,CREDIT,{}
btxn_demo_0882,btxn_demo_0882,merch_001,5070.23,2026-01-12T17:55:00,pay_demo_0882,Settlement setl_demo_0882,CREDIT,{}
btxn_demo_0883,btxn_demo_0883,merch_001,25082.48,2026-01-16T19:59:00,pay_demo_0883,Settlement setl_demo_0883,CREDIT,{}
btxn_demo_0884,btxn_demo_0884,merch_001,26517.83,2026-01-12T17:25:00,pay_demo_0884,Settlement setl_demo_0884,CREDIT,{}
btxn_demo_0885,btxn_demo_0885,merch_001,17307.25,2026-01-22T11:15:00,pay_demo_0885,Settlement setl_demo_0885,CREDIT,{}
btxn_demo_0888,btxn_demo_0888,merch_001,26083.82,2026-01-23T21:55:00,pay_demo_0888,Settlement setl_demo_0888,CREDIT,{}
btxn_demo_0889,btxn_demo_0889,merch_001,7722.18,2026-01-11T21:21:00,pay_demo_0889,Settlement setl_demo_0889,CREDIT,{}
btxn_demo_0890,btxn_demo_0890,merch_001,32658.39,2026-01-20T19:43:00,pay_demo_0890,Settlement setl_demo_0890,CREDIT,{}
btxn_demo_0892,btxn_demo_0892,merch_001,45863.89,2026-01-12T04:35:00,pay_demo_0892,Settlement setl_demo_0892,CREDIT,{}
btxn_demo_0893,btxn_demo_0893,merch_001,41992.17,2026-01-07T01:01:00,pay_demo_0893,Settlement setl_demo_0893,CREDIT,{}
btxn_demo_0893_ambig,btxn_demo_0893_ambig,merch_001,41992.17,2026-01-07T01:01:00,pay_demo_0893,Settlement setl_demo_0893,CREDIT,{}
btxn_demo_0894,btxn_demo_0894,merch_001,15237.07,2026-01-25T22:59:00,pay_demo_0894,Settlement setl_demo_0894,CREDIT,{}
btxn_demo_0895,btxn_demo_0895,merch_001,5427.89,2026-01-07T02:48:00,pay_demo_0895,Settlement setl_demo_0895,CREDIT,{}
btxn_demo_0896,btxn_demo_0896,merch_001,11622.48,2026-01-09T09:43:00,pay_demo_0896,Settlement setl_demo_0896,CREDIT,{}
btxn_demo_0897,btxn_demo_0897,merch_001,39013.33,2026-01-06T18:54:00,pay_demo_0897,Settlement setl_demo_0897,CREDIT,{}
btxn_demo_0898,btxn_demo_0898,merch_001,42621.26,2026-01-17T17:08:00,pay_demo_0898,Settlement setl_demo_0898,CREDIT,{}
btxn_demo_0899,btxn_demo_0899,merch_001,20488.6,2026-01-02T10:26:00,pay_demo_0899,Settlement setl_demo_0899,CREDIT,{}
btxn_demo_0899_ambig,btxn_demo_0899_ambig,merch_001,20488.6,2026-01-02T10:26:00,pay_demo_0899,Settlement setl_demo_0899,CREDIT,{}
btxn_demo_0900,btxn_demo_0900,merch_001,37913.05,2026-01-04T07:59:00,pay_demo_0900,Settlement setl_demo_0900,CREDIT,{}
btxn_demo_0901,btxn_demo_0901,merch_001,16312.29,2026-01-16T09:27:00,pay_demo_0901,Settlement setl_demo_0901,CREDIT,{}
btxn_demo_0902,btxn_demo_0902,merch_001,41233.99,2026-01-25T12:25:00,pay_demo_0902,Settlement setl_demo_0902,CREDIT,{}
btxn_demo_0903,btxn_demo_0903,merch_001,34530.52,2026-01-03T18:06:00,pay_demo_0903,Settlement setl_demo_0903,CREDIT,{}
btxn_demo_0904,btxn_demo_0904,merch_001,2216.55,2026-01-09T18:34:00,pay_demo_0904,Settlement setl_demo_0904,CREDIT,{}
btxn_demo_0905,btxn_demo_0905,merch_001,25854.72,2026-01-22T03:12:00,pay_demo_0905,Settlement setl_demo_0905,CREDIT,{}
btxn_demo_0906,btxn_demo_0906,merch_001,15297.25,2026-01-28T11:29:00,pay_demo_0906,Settlement setl_demo_0906,CREDIT,{}
btxn_demo_0907,btxn_demo_0907,merch_001,45040.55,2026-01-24T18:57:00,pay_demo_0907,Settlement setl_demo_0907,CREDIT,{}
btxn_demo_0909,btxn_demo_0909,merch_001,34836.1,2026-01-06T14:26:00,pay_demo_0909,Settlement setl_demo_0909,CREDIT,{}
btxn_demo_0910,btxn_demo_0910,merch_001,22738.67,2026-01-31T00:57:00,pay_demo_0910,Settlement setl_demo_0910,CREDIT,{}
btxn_demo_0911,btxn_demo_0911,merch_001,16271.33,2026-01-23T00:50:00,pay_demo_0911,Settlement setl_demo_0911,CREDIT,{}
btxn_demo_0913,btxn_demo_0913,merch_001,48762.05,2026-01-21T07:24:00,pay_demo_0913,Settlement setl_demo_0913,CREDIT,{}
btxn_demo_0914,btxn_demo_0914,merch_001,45621.41,2026-01-20T23:55:00,wrong_pay_demo_0914,Settlement setl_demo_0914,CREDIT,{}
btxn_demo_0915,btxn_demo_0915,merch_001,9025.45,2026-01-24T03:26:00,pay_demo_0915,Settlement setl_demo_0915,CREDIT,{}
btxn_demo_0916,btxn_demo_0916,merch_001,48052.21,2026-01-11T22:11:00,pay_demo_0916,Settlement setl_demo_0916,CREDIT,{}
btxn_demo_0916_ambig,btxn_demo_0916_ambig,merch_001,48052.21,2026-01-11T22:11:00,pay_demo_0916,Settlement setl_demo_0916,CREDIT,{}
btxn_demo_0917,btxn_demo_0917,merch_001,276.29,2026-01-26T10:00:00,wrong_pay_demo_0917,Settlement setl_demo_0917,CREDIT,{}
btxn_demo_0918,btxn_demo_0918,merch_001,27220.71,2026-01-02T21:56:00,pay_demo_0918,Settlement setl_demo_0918,CREDIT,{}
btxn_demo_0919,btxn_demo_0919,merch_001,33007.58,2026-01-16T15:28:00,pay_demo_0919,Settlement setl_demo_0919,CREDIT,{}
btxn_demo_0920,btxn_demo_0920,merch_001,12311.19,2026-01-19T10:39:00,pay_demo_0920,Settlement setl_demo_0920,CREDIT,{}
btxn_demo_0921,btxn_demo_0921,merch_001,2847.69,2026-01-13T03:09:00,pay_demo_0921,Settlement setl_demo_0921,CREDIT,{}
btxn_demo_0922,btxn_demo_0922,merch_001,30203.94,2026-01-12T04:03:00,pay_demo_0922,Settlement setl_demo_0922,CREDIT,{}
btxn_demo_0922_ambig,btxn_demo_0922_ambig,merch_001,30203.94,2026-01-12T04:03:00,pay_demo_0922,Settlement setl_demo_0922,CREDIT,{}
btxn_demo_0923,btxn_demo_0923,merch_001,8150.63,2026-01-11T21:42:00,pay_demo_0923,Settlement setl_demo_0923,CREDIT,{}
btxn_demo_0924,btxn_demo_0924,merch_001,18073.41,2026-01-03T04:49:00,pay_demo_0924,Settlement setl_demo_0924,CREDIT,{}
btxn_demo_0925,btxn_demo_0925,merch_001,19009.07,2026-01-04T15:53:00,pay_demo_0925,Settlement setl_demo_0925,CREDIT,{}
btxn_demo_0926,btxn_demo_0926,merch_001,6188.96,2026-01-29T10:21:00,pay_demo_0926,Settlement setl_demo_0926,CREDIT,{}
btxn_demo_0927,btxn_demo_0927,merch_001,34821.89,2026-01-21T03:06:00,pay_demo_0927,Settlement setl_demo_0927,CREDIT,{}
btxn_demo_0928,btxn_demo_0928,merch_001,34463.85,2026-02-01T00:18:00,wrong_pay_demo_0928,Settlement setl_demo_0928,CREDIT,{}
btxn_demo_0929,btxn_demo_0929,merch_001,13057.04,2026-01-20T21:22:00,pay_demo_0929,Settlement setl_demo_0929,CREDIT,{}
btxn_demo_0930,btxn_demo_0930,merch_001,26033.32,2026-01-22T17:31:00,pay_demo_0930,Settlement setl_demo_0930,CREDIT,{}
btxn_demo_0931,btxn_demo_0931,merch_001,14595.35,2026-01-08T02:07:00,pay_demo_0931,Settlement setl_demo_0931,CREDIT,{}
btxn_demo_0932,btxn_demo_0932,merch_001,5984.49,2026-01-29T08:51:00,pay_demo_0932,Settlement setl_demo_0932,CREDIT,{}
btxn_demo_0933,btxn_demo_0933,merch_001,17547.54,2026-01-27T22:13:00,pay_demo_0933,Settlement setl_demo_0933,CREDIT,{}
btxn_demo_0934,btxn_demo_0934,merch_001,14153.17,2026-01-27T04:19:00,pay_demo_0934,Settlement setl_demo_0934,CREDIT,{}
btxn_demo_0937,btxn_demo_0937,merch_001,24007.5,2026-01-17T03:41:00,pay_demo_0937,Settlement setl_demo_0937,CREDIT,{}
btxn_demo_0938,btxn_demo_0938,merch_001,23084.84,2026-01-29T19:57:00,pay_demo_0938,Settlement setl_demo_0938,CREDIT,{}
btxn_demo_0939,btxn_demo_0939,merch_001,20756.26,2026-01-25T03:53:00,pay_demo_0939,Settlement setl_demo_0939,CREDIT,{}
btxn_demo_0941,btxn_demo_0941,merch_001,39996.81,2026-01-30T13:04:00,wrong_pay_demo_0941,Settlement setl_demo_0941,CREDIT,{}
btxn_demo_0942,btxn_demo_0942,merch_001,17023.71,2026-01-14T22:34:00,pay_demo_0942,Settlement setl_demo_0942,CREDIT,{}
btxn_demo_0943,btxn_demo_0943,merch_001,9450.21,2026-01-05T11:45:00,pay_demo_0943,Settlement setl_demo_0943,CREDIT,{}
btxn_demo_0944,btxn_demo_0944,merch_001,4431.21,2026-01-30T09:23:00,pay_demo_0944,Settlement setl_demo_0944,CREDIT,{}
btxn_demo_0946,btxn_demo_0946,merch_001,22244.33,2026-01-02T17:57:00,pay_demo_0946,Settlement setl_demo_0946,CREDIT,{}
btxn_demo_0947,btxn_demo_0947,merch_001,46189.47,2026-01-25T18:19:00,pay_demo_0947,Settlement setl_demo_0947,CREDIT,{}
btxn_demo_0950,btxn_demo_0950,merch_001,34383.91,2026-01-21T04:21:00,pay_demo_0950,Settlement setl_demo_0950,CREDIT,{}
btxn_demo_0951,btxn_demo_0951,merch_001,38332.39,2026-01-25T11:01:00,pay_demo_0951,Settlement setl_demo_0951,CREDIT,{}
btxn_demo_0952,btxn_demo_0952,merch_001,16111.93,2026-01-08T11:17:00,pay_demo_0952,Settlement setl_demo_0952,CREDIT,{}
btxn_demo_0953,btxn_demo_0953,merch_001,33589.09,2026-01-10T06:10:00,pay_demo_0953,Settlement setl_demo_0953,CREDIT,{}
btxn_demo_0954,btxn_demo_0954,merch_001,31184.95,2026-01-18T05:13:00,pay_demo_0954,Settlement setl_demo_0954,CREDIT,{}
btxn_demo_0955,btxn_demo_0955,merch_001,13625.5,2026-02-02T00:51:00,pay_demo_0955,Settlement setl_demo_0955,CREDIT,{}
btxn_demo_0956,btxn_demo_0956,merch_001,3655.02,2026-01-21T12:34:00,pay_demo_0956,Settlement setl_demo_0956,CREDIT,{}
btxn_demo_0957,btxn_demo_0957,merch_001,23589.71,2026-01-23T03:06:00,pay_demo_0957,Settlement setl_demo_0957,CREDIT,{}
btxn_demo_0958,btxn_demo_0958,merch_001,19656.65,2026-01-24T21:57:00,pay_demo_0958,Settlement setl_demo_0958,CREDIT,{}
btxn_demo_0959,btxn_demo_0959,merch_001,16683.37,2026-01-09T00:48:00,pay_demo_0959,Settlement setl_demo_0959,CREDIT,{}
btxn_demo_0959_ambig,btxn_demo_0959_ambig,merch_001,16683.37,2026-01-09T00:48:00,pay_demo_0959,Settlement setl_demo_0959,CREDIT,{}
btxn_demo_0960,btxn_demo_0960,merch_001,37811.57,2026-01-16T20:08:00,pay_demo_0960,Settlement setl_demo_0960,CREDIT,{}
btxn_demo_0961,btxn_demo_0961,merch_001,15588.55,2026-01-23T00:49:00,pay_demo_0961,Settlement setl_demo_0961,CREDIT,{}
btxn_demo_0962,btxn_demo_0962,merch_001,11267.34,2026-01-29T21:16:00,pay_demo_0962,Settlement setl_demo_0962,CREDIT,{}
btxn_demo_0963,btxn_demo_0963,merch_001,45871.49,2026-01-12T12:29:00,pay_demo_0963,Settlement setl_demo_0963,CREDIT,{}
btxn_demo_0964,btxn_demo_0964,merch_001,5733.06,2026-01-17T16:54:00,pay_demo_0964,Settlement setl_demo_0964,CREDIT,{}
btxn_demo_0965,btxn_demo_0965,merch_001,30261.57,2026-01-06T18:06:00,pay_demo_0965,Settlement setl_demo_0965,CREDIT,{}
btxn_demo_0966,btxn_demo_0966,merch_001,32507.63,2026-01-27T11:34:00,pay_demo_0966,Settlement setl_demo_0966,CREDIT,{}
btxn_demo_0967,btxn_demo_0967,merch_001,12004.91,2026-01-09T19:10:00,pay_demo_0967,Settlement setl_demo_0967,CREDIT,{}
btxn_demo_0968,btxn_demo_0968,merch_001,10491.08,2026-01-24T20:27:00,pay_demo_0968,Settlement setl_demo_0968,CREDIT,{}
btxn_demo_0969,btxn_demo_0969,merch_001,26726.45,2026-01-09T07:42:00,pay_demo_0969,Settlement setl_demo_0969,CREDIT,{}
btxn_demo_0970,btxn_demo_0970,merch_001,5804.71,2026-01-21T16:20:00,pay_demo_0970,Settlement setl_demo_0970,CREDIT,{}
btxn_demo_0971,btxn_demo_0971,merch_001,47798.58,2026-01-04T21:06:00,pay_demo_0971,Settlement setl_demo_0971,CREDIT,{}
btxn_demo_0972,btxn_demo_0972,merch_001,33042.22,2026-01-04T08:52:00,pay_demo_0972,Settlement setl_demo_0972,CREDIT,{}
btxn_demo_0973,btxn_demo_0973,merch_001,31843.03,2026-01-02T06:42:00,pay_demo_0973,Settlement setl_demo_0973,CREDIT,{}
btxn_demo_0974,btxn_demo_0974,merch_001,19560.13,2026-01-20T16:12:00,wrong_pay_demo_0974,Settlement setl_demo_0974,CREDIT,{}
btxn_demo_0975,btxn_demo_0975,merch_001,15056.79,2026-01-27T23:19:00,pay_demo_0975,Settlement setl_demo_0975,CREDIT,{}
btxn_demo_0975_ambig,btxn_demo_0975_ambig,merch_001,15056.79,2026-01-27T23:19:00,pay_demo_0975,Settlement setl_demo_0975,CREDIT,{}
btxn_demo_0976,btxn_demo_0976,merch_001,29178.08,2026-01-21T18:25:00,pay_demo_0976,Settlement setl_demo_0976,CREDIT,{}
btxn_demo_0977,btxn_demo_0977,merch_001,45063.68,2026-02-01T03:00:00,wrong_pay_demo_0977,Settlement setl_demo_0977,CREDIT,{}
btxn_demo_0978,btxn_demo_0978,merch_001,43297.41,2026-01-09T15:44:00,pay_demo_0978,Settlement setl_demo_0978,CREDIT,{}
btxn_demo_0979,btxn_demo_0979,merch_001,19201.2,2026-01-14T15:34:00,pay_demo_0979,Settlement setl_demo_0979,CREDIT,{}
btxn_demo_0980,btxn_demo_0980,merch_001,7039.54,2026-01-19T14:53:00,pay_demo_0980,Settlement setl_demo_0980,CREDIT,{}
btxn_demo_0981,btxn_demo_0981,merch_001,49873.06,2026-01-23T06:08:00,pay_demo_0981,Settlement setl_demo_0981,CREDIT,{}
btxn_demo_0982,btxn_demo_0982,merch_001,7285.39,2026-01-30T17:42:00,pay_demo_0982,Settlement setl_demo_0982,CREDIT,{}
btxn_demo_0983,btxn_demo_0983,merch_001,32147.92,2026-01-15T16:57:00,pay_demo_0983,Settlement setl_demo_0983,CREDIT,{}
btxn_demo_0984,btxn_demo_0984,merch_001,25519.8,2026-01-19T16:24:00,pay_demo_0984,Settlement setl_demo_0984,CREDIT,{}
btxn_demo_0985,btxn_demo_0985,merch_001,30268.21,2026-01-20T17:54:00,pay_demo_0985,Settlement setl_demo_0985,CREDIT,{}
btxn_demo_0986,btxn_demo_0986,merch_001,46335.57,2026-01-20T13:02:00,pay_demo_0986,Settlement setl_demo_0986,CREDIT,{}
btxn_demo_0987,btxn_demo_0987,merch_001,18492.07,2026-01-20T17:44:00,pay_demo_0987,Settlement setl_demo_0987,CREDIT,{}
btxn_demo_0988,btxn_demo_0988,merch_001,26367.76,2026-01-29T10:29:00,pay_demo_0988,Settlement setl_demo_0988,CREDIT,{}
btxn_demo_0989,btxn_demo_0989,merch_001,30542.52,2026-01-09T17:40:00,pay_demo_0989,Settlement setl_demo_0989,CREDIT,{}
btxn_demo_0990,btxn_demo_0990,merch_001,39925.1,2026-01-11T21:03:00,pay_demo_0990,Settlement setl_demo_0990,CREDIT,{}
btxn_demo_0991,btxn_demo_0991,merch_001,23496.55,2026-01-18T17:36:00,pay_demo_0991,Settlement setl_demo_0991,CREDIT,{}
btxn_demo_0992,btxn_demo_0992,merch_001,48890.25,2026-01-11T11:10:00,pay_demo_0992,Settlement setl_demo_0992,CREDIT,{}
btxn_demo_0993,btxn_demo_0993,merch_001,36375.89,2026-01-20T10:03:00,pay_demo_0993,Settlement setl_demo_0993,CREDIT,{}
btxn_demo_0994,btxn_demo_0994,merch_001,2675.83,2026-01-12T01:39:00,pay_demo_0994,Settlement setl_demo_0994,CREDIT,{}
btxn_demo_0995,btxn_demo_0995,merch_001,6428.38,2026-01-04T10:16:00,pay_demo_0995,Settlement setl_demo_0995,CREDIT,{}
btxn_demo_0996,btxn_demo_0996,merch_001,42907.13,2026-01-03T01:07:00,pay_demo_0996,Settlement setl_demo_0996,CREDIT,{}
btxn_demo_0997,btxn_demo_0997,merch_001,32991.87,2026-01-13T07:16:00,pay_demo_0997,Settlement setl_demo_0997,CREDIT,{}
